0.000000000000000000e+00 1.000000000000000000e+00 6.000000000000000000e+00
-5.472139679999999534e-02 9.451361042549046854e-01 9.484828103843676583e-01
-5.458459330799999426e-02 9.448354065225221809e-01 9.482019845301461469e-01
-5.444778981599999318e-02 9.445321516731898237e-01 9.479187882922904818e-01
-5.431098632399999210e-02 9.442263097134425687e-01 9.476331941300707440e-01
-5.417418283199999102e-02 9.439178501951215328e-01 9.473451740899963003e-01
-5.403737933999998994e-02 9.436067422068240562e-01 9.470546997981629245e-01
-5.390057584799998885e-02 9.432929543651737969e-01 9.467617424524241709e-01
-5.376377235599998777e-02 9.429764548058767737e-01 9.464662728143964365e-01
-5.362696886399998669e-02 9.426572111745884497e-01 9.461682612012747295e-01
-5.349016537199998561e-02 9.423351906175581050e-01 9.458676774774741336e-01
-5.335336187999998453e-02 9.420103597720734800e-01 9.455644910460705432e-01
-5.321655838799998345e-02 9.416826847566666103e-01 9.452586708400625426e-01
-5.307975489599998237e-02 9.413521311611110498e-01 9.449501853134170126e-01
-5.294295140399998129e-02 9.410186640361739574e-01 9.446390024319198941e-01
-5.280614791199998020e-02 9.406822478831351475e-01 9.443250896638193392e-01
-5.266934441999997912e-02 9.403428466430573396e-01 9.440084139702392685e-01
-5.253254092799997804e-02 9.400004236858034989e-01 9.436889417953896464e-01
-5.239573743599997696e-02 9.396549417988039332e-01 9.433666390565291771e-01
-5.225893394399997588e-02 9.393063631755375065e-01 9.430414711337128386e-01
-5.212213045199997480e-02 9.389546494037566138e-01 9.427134028592859538e-01
-5.198532695999997372e-02 9.385997614534248301e-01 9.423823985071303477e-01
-5.184852346799997264e-02 9.382416596643616824e-01 9.420484217816719186e-01
-5.171171997599997155e-02 9.378803037335888826e-01 9.417114358066028812e-01
-5.157491648399997047e-02 9.375156527023755793e-01 9.413714031133568749e-01
-5.143811299199996939e-02 9.371476649429620887e-01 9.410282856293014087e-01
-5.130130949999996831e-02 9.367762981449658799e-01 9.406820446656386503e-01
-5.116450600799996723e-02 9.364015093014445013e-01 9.403326409050243306e-01
-5.102770251599996615e-02 9.360232546946256615e-01 9.399800343888832233e-01
-5.089089902399996507e-02 9.356414898812763781e-01 9.396241845044135399e-01
-5.075409553199996399e-02 9.352561696777091926e-01 9.392650499712803525e-01
-5.061729203999996290e-02 9.348672481444180171e-01 9.389025888279710630e-01
-5.048048854799996182e-02 9.344746785703235137e-01 9.385367584178287981e-01
-5.034368505599996074e-02 9.340784134566244568e-01 9.381675153747257578e-01
-5.020688156399995966e-02 9.336784045002416432e-01 9.377948156083927289e-01
-5.007007807199995858e-02 9.332746025768349218e-01 9.374186142893734530e-01
-4.993327457999995750e-02 9.328669577233940080e-01 9.370388658336065157e-01
-4.979647108799995642e-02 9.324554191203757725e-01 9.366555238866181021e-01
-4.965966759599995534e-02 9.320399350733875599e-01 9.362685413073122964e-01
-4.952286410399995426e-02 9.316204529943902246e-01 9.358778701513473797e-01
-4.938606061199995317e-02 9.311969193824173319e-01 9.354834616541007897e-01
-4.924925711999995209e-02 9.307692798037853210e-01 9.350852662131780013e-01
-4.911245362799995101e-02 9.303374788717878596e-01 9.346832333704883089e-01
-4.897565013599994993e-02 9.299014602258565132e-01 9.342773117938414362e-01
-4.883884664399994885e-02 9.294611665101615294e-01 9.338674492580770758e-01
-4.870204315199994777e-02 9.290165393516509607e-01 9.334535926257006011e-01
-4.856523965999994669e-02 9.285675193374940406e-01 9.330356878270019694e-01
-4.842843616799994561e-02 9.281140459919294816e-01 9.326136798396583716e-01
-4.829163267599994452e-02 9.276560577524751716e-01 9.321875126677927614e-01
-4.815482918399994344e-02 9.271934919455001589e-01 9.317571293204826022e-01
-4.801802569199994236e-02 9.267262847611270615e-01 9.313224717896800842e-01
-4.788122219999994128e-02 9.262543712274532437e-01 9.308834810275533611e-01
-4.774441870799994020e-02 9.257776851840487931e-01 9.304400969232065055e-01
-4.760761521599993912e-02 9.252961592547311875e-01 9.299922582787687464e-01
-4.747081172399993804e-02 9.248097248195789044e-01 9.295399027848438855e-01
-4.733400823199993696e-02 9.243183119861619890e-01 9.290829669952678227e-01
-4.719720473999993587e-02 9.238218495599644919e-01 9.286213863011872904e-01
-4.706040124799993479e-02 9.233202650139720191e-01 9.281550949044101717e-01
-4.692359775599993371e-02 9.228134844573921969e-01 9.276840257900296205e-01
-4.678679426399993263e-02 9.223014326034868482e-01 9.272081106982623666e-01
-4.664999077199993155e-02 9.217840327364748010e-01 9.267272800955160816e-01
-4.651318727999993047e-02 9.212612066774880093e-01 9.262414631446309610e-01
-4.637638378799992939e-02 9.207328747495362453e-01 9.257505876742726514e-01
-4.623958029599992831e-02 9.201989557414449461e-01 9.252545801474656439e-01
-4.610277680399992722e-02 9.196593668707460090e-01 9.247533656292103998e-01
-4.596597331199992614e-02 9.191140237454684669e-01 9.242468677531794352e-01
-4.582916981999992506e-02 9.185628403248019547e-01 9.237350086874386301e-01
-4.569236632799992398e-02 9.180057288785763436e-01 9.232177090991832147e-01
-4.555556283599992290e-02 9.174425999455519953e-01 9.226948881184223739e-01
-4.541875934399992182e-02 9.168733622904208236e-01 9.221664633006199097e-01
-4.528195585199992074e-02 9.162979228595350412e-01 9.216323505882053624e-01
-4.514515235999991966e-02 9.157161867352675566e-01 9.210924642709619192e-01
-4.500834886799991857e-02 9.151280570889892552e-01 9.205467169452101750e-01
-4.487154537599991749e-02 9.145334351325815625e-01 9.199950194717795293e-01
-4.473474188399991641e-02 9.139322200684597552e-01 9.194372809327016061e-01
-4.459793839199991533e-02 9.133243090380370743e-01 9.188734085865895018e-01
-4.446113489999991425e-02 9.127095970685671356e-01 9.183033078226520152e-01
-4.432433140799991317e-02 9.120879770183162316e-01 9.177268821132888998e-01
-4.418752791599991209e-02 9.114593395199955816e-01 9.171440329652319479e-01
-4.405072442399991101e-02 9.108235729223901345e-01 9.165546598691607372e-01
-4.391392093199990992e-02 9.101805632301080973e-01 9.159586602477317596e-01
-4.377711743999990884e-02 9.095301940413995645e-01 9.153559294019925074e-01
-4.364031394799990776e-02 9.088723464839382205e-01 9.147463604560889250e-01
-4.350351045599990668e-02 9.082068991485134912e-01 9.141298443002053853e-01
-4.336670696399990560e-02 9.075337280205472146e-01 9.135062695316980008e-01
-4.322990347199990452e-02 9.068527064093319101e-01 9.128755223943152419e-01
-4.309309997999990344e-02 9.061637048749258128e-01 9.122374867154515732e-01
-4.295629648799990236e-02 9.054665911525895394e-01 9.115920438413634974e-01
-4.281949299599990127e-02 9.047612300746812330e-01 9.109390725702516400e-01
-4.268268950399990019e-02 9.040474834898986067e-01 9.102784490831414832e-01
-4.254588601199989911e-02 9.033252101797613065e-01 9.096100468724653831e-01
-4.240908251999989803e-02 9.025942657722315632e-01 9.089337366682573860e-01
-4.227227902799989695e-02 9.018545026523301367e-01 9.082493863618729124e-01
-4.213547553599989587e-02 9.011057698696574025e-01 9.075568609271139620e-01
-4.199867204399989479e-02 9.003479130426602639e-01 9.068560223386914476e-01
-4.186186855199989371e-02 8.995807742595215428e-01 9.061467294878657874e-01
-4.172506505999989262e-02 8.988041919755327402e-01 9.054288380951969195e-01
-4.158826156799989154e-02 8.980180009067908475e-01 9.047022006202615207e-01
-4.145145807599989046e-02 8.972220319200637784e-01 9.039666661682089766e-01
-4.131465458399988938e-02 8.964161119186682125e-01 9.032220803930293140e-01
-4.117785109199988830e-02 8.956000637241712248e-01 9.024682853974110852e-01
-4.104104759999988722e-02 8.947737059537405058e-01 9.017051196290060133e-01
-4.090424410799988614e-02 8.939368528929557689e-01 9.009324177729830518e-01
-4.076744061599988506e-02 8.930893143638717335e-01 9.001500106406973289e-01
-4.063063712399988398e-02 8.922308955881135262e-01 8.993577250543031143e-01
-4.049383363199988289e-02 8.913613970447999968e-01 8.985553837271391675e-01
-4.035703013999988181e-02 8.904806143230442617e-01 8.977428051397006170e-01
-4.022022664799988073e-02 8.895883379687802295e-01 8.969198034109977513e-01
-4.008342315599987965e-02 8.886843533256669758e-01 8.960861881650964422e-01
-3.994661966399987857e-02 8.877684403697767568e-01 8.952417643926334767e-01
-3.980981617199987749e-02 8.868403735377964336e-01 8.943863323070589955e-01
-3.967301267999987641e-02 8.858999215484105738e-01 8.935196871953885456e-01
-3.953620918799987533e-02 8.849468472165604727e-01 8.926416192631954072e-01
-3.939940569599987424e-02 8.839809072602263784e-01 8.917519134735787389e-01
-3.926260220399987316e-02 8.830018520993757614e-01 8.908503493798414219e-01
-3.912579871199987208e-02 8.820094256466829430e-01 8.899367009515507521e-01
-3.898899521999987100e-02 8.810033650896288426e-01 8.890107363937042040e-01
-3.885219172799986992e-02 8.799834006635464112e-01 8.880722179586396647e-01
-3.871538823599986884e-02 8.789492554151454584e-01 8.871209017503601801e-01
-3.857858474399986776e-02 8.779006449560610159e-01 8.861565375208936279e-01
-3.844178125199986668e-02 8.768372772058851128e-01 8.851788684582996281e-01
-3.830497775999986559e-02 8.757588521241629342e-01 8.841876309659112421e-01
-3.816817426799986451e-02 8.746650614307706073e-01 8.831825544323825827e-01
-3.803137077599986343e-02 8.735555883140698752e-01 8.821633609920501717e-01
-3.789456728399986235e-02 8.724301071261755247e-01 8.811297652751606257e-01
-3.775776379199986127e-02 8.712882830646817567e-01 8.800814741474123348e-01
-3.762096029999986019e-02 8.701297718400826664e-01 8.790181864382713428e-01
-3.748415680799985911e-02 8.689542193281202254e-01 8.779395926574729003e-01
-3.734735331599985803e-02 8.677612612062458597e-01 8.768453746990956255e-01
-3.721054982399985694e-02 8.665505225732961225e-01 8.757352055325451357e-01
-3.707374633199985586e-02 8.653216175514387709e-01 8.746087488797393839e-01
-3.693694283999985478e-02 8.640741488694206884e-01 8.734656588777561792e-01
-3.680013934799985370e-02 8.628077074260008805e-01 8.723055797261610733e-01
-3.666333585599985262e-02 8.615218718324618719e-01 8.711281453181510814e-01
-3.652653236399985154e-02 8.602162079329702671e-01 8.699329788546251718e-01
-3.638972887199985046e-02 8.588902683014770778e-01 8.687196924402327269e-01
-3.625292537999984938e-02 8.575435917137625985e-01 8.674878866603629168e-01
-3.611612188799984829e-02 8.561757025931419074e-01 8.662371501379927397e-01
-3.597931839599984721e-02 8.547861104282192812e-01 8.649670590692285499e-01
-3.584251490399984613e-02 8.533743091609805598e-01 8.636771767362984020e-01
-3.570571141199984505e-02 8.519397765433789349e-01 8.623670529966638298e-01
-3.556890791999984397e-02 8.504819734604469605e-01 8.610362237468224267e-01
-3.543210442799984289e-02 8.490003432177910536e-01 8.596842103592905460e-01
-3.529530093599984181e-02 8.474943107912011886e-01 8.583105190911205495e-01
-3.515849744399984073e-02 8.459632820359064276e-01 8.569146404622035584e-01
-3.502169395199983964e-02 8.444066428528322898e-01 8.554960486014974164e-01
-3.488489045999983856e-02 8.428237583089861484e-01 8.540542005591241770e-01
-3.474808696799983748e-02 8.412139717089254232e-01 8.525885355822110379e-01
-3.461128347599983640e-02 8.395766036139196142e-01 8.510984743521133877e-01
-3.447447998399983532e-02 8.379109508052683397e-01 8.495834181805268503e-01
-3.433767649199983424e-02 8.362162851878294223e-01 8.480427481617646146e-01
-3.420087299999983316e-02 8.344918526295663774e-01 8.464758242783009257e-01
-3.406406950799983208e-02 8.327368717325264180e-01 8.448819844564321446e-01
-3.392726601599983099e-02 8.309505325302815049e-01 8.432605435686397755e-01
-3.379046252399982991e-02 8.291319951064453075e-01 8.416107923789944989e-01
-3.365365903199982883e-02 8.272803881283826710e-01 8.399319964276116268e-01
-3.351685553999982775e-02 8.253948072897352439e-01 8.382233948498614140e-01
-3.338005204799982667e-02 8.234743136547891806e-01 8.364841991256397602e-01
-3.324324855599982559e-02 8.215179318970717848e-01 8.347135917536534500e-01
-3.310644506399982451e-02 8.195246484238916107e-01 8.329107248451765866e-01
-3.296964157199982343e-02 8.174934093777155297e-01 8.310747186313052204e-01
-3.283283807999982234e-02 8.154231185044229502e-01 8.292046598771770638e-01
-3.269603458799982126e-02 8.133126348775403525e-01 8.272996001960176704e-01
-3.255923109599982018e-02 8.111607704664427487e-01 8.253585542552803744e-01
-3.242242760399981910e-02 8.089662875353269555e-01 8.233804978663409324e-01
-3.228562411199981802e-02 8.067278958584612747e-01 8.213643659485089232e-01
-3.214882061999981694e-02 8.044442497356441013e-01 8.193090503571336392e-01
-3.201201712799981586e-02 8.021139447902171371e-01 8.172133975646720394e-01
-3.187521363599981478e-02 7.997355145300145685e-01 8.150762061824367022e-01
-3.173841014399981370e-02 7.973074266495636664e-01 8.128962243095534390e-01
-3.160160665199981261e-02 7.948280790494631765e-01 8.106721466942586884e-01
-3.146480315999981153e-02 7.922957955461293889e-01 8.084026116911522397e-01
-3.132799966799981045e-02 7.897088212420986242e-01 8.060861979963156454e-01
-3.119119617599980937e-02 7.870653175235968746e-01 8.037214211402436970e-01
-3.105439268399980829e-02 7.843633566481572617e-01 8.013067297163901648e-01
-3.091758919199980721e-02 7.816009158805791168e-01 7.988405013207059424e-01
-3.078078569999980613e-02 7.787758711304588743e-01 7.963210381747364286e-01
-3.064398220799980505e-02 7.758859900386160247e-01 7.937465624017577825e-01
-3.050717871599980396e-02 7.729289244530909153e-01 7.911152109218757555e-01
-3.037037522399980288e-02 7.699022022276351684e-01 7.884250299279966789e-01
-3.023357173199980180e-02 7.668032182667589014e-01 7.856739688999629934e-01
-3.009676823999980072e-02 7.636292247310881853e-01 7.828598741089550783e-01
-2.995996474799979964e-02 7.603773203048859175e-01 7.799804815582208617e-01
-2.982316125599979856e-02 7.570444384136906235e-01 7.770334092993523845e-01
-2.968635776399979748e-02 7.536273342638667438e-01 7.740161490554129387e-01
-2.954955427199979640e-02 7.501225705568865809e-01 7.709260570730773754e-01
-2.941275077999979531e-02 7.465265017089018906e-01 7.677603441154374764e-01
-2.927594728799979423e-02 7.428352563799337505e-01 7.645160644948256756e-01
-2.913914379599979315e-02 7.390447180859019971e-01 7.611901040308539645e-01
-2.900234030399979207e-02 7.351505036298547902e-01 7.577791668021562899e-01
-2.886553681199979099e-02 7.311479390446922189e-01 7.542797605409246042e-01
-2.872873331999978991e-02 7.270320326869550431e-01 7.506881804964395943e-01
-2.859192982799978883e-02 7.227974450577466792e-01 7.470004915668093659e-01
-2.845512633599978775e-02 7.184384548501083767e-01 7.432125084662536407e-01
-2.831832284399978666e-02 7.139489206288730516e-01 7.393197736572694190e-01
-2.818151935199978558e-02 7.093222374350318660e-01 7.353175327318119958e-01
-2.804471585999978450e-02 7.045512874666851610e-01 7.312007068713238800e-01
-2.790791236799978342e-02 6.996283838155624712e-01 7.269638619501780363e-01
-2.777110887599978234e-02 6.945452060230344893e-01 7.226011737680607672e-01
-2.763430538399978126e-02 6.892927259501747672e-01 7.181063888008314411e-01
-2.749750189199978018e-02 6.838611221170878274e-01 7.134727797419855300e-01
-2.736069839999977910e-02 6.782396802355994403e-01 7.086930949626567555e-01
-2.722389490799977801e-02 6.724166771076519611e-01 7.037595008397252716e-01
-2.708709141599977693e-02 6.663792443494149786e-01 6.986635156798501889e-01
-2.695028792399977585e-02 6.601132074729205712e-01 6.933959336894341963e-01
-2.681348443199977477e-02 6.536028946359876413e-01 6.879467370902655476e-01
-2.667668093999977369e-02 6.468309077474003743e-01 6.823049940354976028e-01
-2.653987744799977261e-02 6.397778464304936241e-01 6.764587394106446050e-01
-2.640307395599977153e-02 6.324219723745545529e-01 6.703948348678179237e-01
-2.626627046399977045e-02 6.247387974991603921e-01 6.640988034815007435e-01
-2.612946697199976936e-02 6.167005736081528910e-01 6.575546331501849195e-01
-2.599266347999976828e-02 6.082756530276780538e-01 6.507445411862904372e-01
-2.585585998799976720e-02 5.994276778676502770e-01 6.436486902728800752e-01
-2.571905649599976612e-02 5.901145380279212427e-01 6.362448428802718325e-01
-2.558225300399976504e-02 5.802870116111412679e-01 6.285079369731145782e-01
-2.544544951199976396e-02 5.698869604460300442e-01 6.204095598621540697e-01
-2.530864601999976288e-02 5.588448882398054929e-01 6.119172885385484317e-01
-2.517184252799976180e-02 5.470765618074868719e-01 6.029938524734774763e-01
-2.503503903599976071e-02 5.344782134498389237e-01 5.935960565831269742e-01
-2.489823554399975963e-02 5.209195185052889476e-01 5.836733744008472113e-01
-2.476143205199975855e-02 5.062329369367879472e-01 5.731660786074427305e-01
-2.462462855999975747e-02 4.901968081460432169e-01 5.620027076708145053e-01
-2.448782506799975639e-02 4.725070298080115139e-01 5.500965547325862293e-01
-2.435102157599975531e-02 4.527261710305516274e-01 5.373406725442304577e-01
-2.421421808399975423e-02 4.301831144836175680e-01 5.236005454305571183e-01
-2.407741459199975315e-02 4.037474102198360670e-01 5.087029366108245521e-01
-2.394061109999975206e-02 3.712085198842693945e-01 4.924181394086001307e-01
-2.380380760799975098e-02 3.268039647909141143e-01 4.744301161118291144e-01
-2.366700411599974990e-02 2.149496193708456682e-01 4.542825455113240207e-01
-2.353020062399974882e-02 2.173724711026289724e-01 4.312716088472683396e-01
-2.339339713199974774e-02 2.198360363420603925e-01 4.042022372910339389e-01
-2.325659363999974666e-02 2.223412211575844233e-01 3.707052049531199822e-01
-2.311979014799974558e-02 2.248889566329280720e-01 3.244103830296165003e-01
-2.298298665599974450e-02 2.274801996886983702e-01 2.151233717681365065e-01
-2.284618316399974342e-02 2.301159339351205868e-01 2.176208990678299426e-01
-2.270937967199974233e-02 2.327971705572826899e-01 2.201616597780190476e-01
-2.257257617999974125e-02 2.355249492342671724e-01 2.227466451917272661e-01
-2.243577268799974017e-02 2.383003390936372923e-01 2.253768748030653413e-01
-2.229896919599973909e-02 2.411244397028184938e-01 2.280533972617529992e-01
-2.216216570399973801e-02 2.439983820989778118e-01 2.307772913649665525e-01
-2.202536221199973693e-02 2.469233298590770842e-01 2.335496670881245795e-01
-2.188855871999973585e-02 2.499004802118765523e-01 2.363716666563759894e-01
-2.175175522799973477e-02 2.529310651937589638e-01 2.392444656585917817e-01
-2.161495173599973368e-02 2.560163528502704122e-01 2.421692742057396097e-01
-2.147814824399973260e-02 2.591576484854668516e-01 2.451473381356658598e-01
-2.134134475199973152e-02 2.623562959611664414e-01 2.481799402663753817e-01
-2.120454125999973044e-02 2.656136790483811794e-01 2.512684016999774395e-01
-2.106773776799972936e-02 2.689312228332506605e-01 2.544140831796582458e-01
-2.093093427599972828e-02 2.723103951799877298e-01 2.576183865020634789e-01
-2.079413078399972720e-02 2.757527082533994256e-01 2.608827559876534807e-01
-2.065732729199972612e-02 2.792597201037249621e-01 2.642086800117187106e-01
-2.052052379999972503e-02 2.828330363166556283e-01 2.675976925988582944e-01
-2.038372030799972395e-02 2.864743117315315946e-01 2.710513750838731695e-01
-2.024691681599972287e-02 2.901852522308895344e-01 2.745713578422117052e-01
-2.011011332399972179e-02 2.939676166046797379e-01 2.781593220931991017e-01
-1.997330983199972071e-02 2.978232184926272730e-01 2.818170017795214588e-01
-1.983650633999971963e-02 3.017539284084326257e-01 2.855461855265821192e-01
-1.969970284799971855e-02 3.057616758496514153e-01 2.893487186854989957e-01
-1.956289935599971747e-02 3.098484514973142145e-01 2.932265054638098500e-01
-1.942609586399971638e-02 3.140163095095636070e-01 2.971815111480533012e-01
-1.928929237199971530e-02 3.182673699137819612e-01 3.012157644226807207e-01
-1.915248887999971422e-02 3.226038211019387481e-01 3.053313597899942056e-01
-1.901568538799971314e-02 3.270279224341544055e-01 3.095304600959800645e-01
-1.887888189599971206e-02 3.315420069556523353e-01 3.138152991672997216e-01
-1.874207840399971098e-02 3.361484842326801226e-01 3.181881845648300011e-01
-1.860527491199970990e-02 3.408498433131261773e-01 3.226515004595496006e-01
-1.846847141999970882e-02 3.456486558179965307e-01 3.272077106368192490e-01
-1.833166792799970773e-02 3.505475791701336830e-01 3.318593616354783005e-01
-1.819486443599970665e-02 3.555493599669862226e-01 3.366090860284474129e-01
-1.805806094399970557e-02 3.606568375045237085e-01 3.414596058519980826e-01
-1.792125745199970449e-02 3.658729474598514941e-01 3.464137361911560076e-01
-1.778445395999970341e-02 3.712007257404109084e-01 3.514743889291485623e-01
-1.764765046799970233e-02 3.766433125081108391e-01 3.566445766692343255e-01
-1.751084697599970125e-02 3.822039563872100532e-01 3.619274168377160095e-01
-1.737404348399970017e-02 3.878860188651847563e-01 3.673261359774227519e-01
-1.723723999199969908e-02 3.936929788963616783e-01 3.728440742414425024e-01
-1.710043649999969800e-02 3.996284377186141712e-01 3.784846900974671580e-01
-1.696363300799969692e-02 4.056961238939812420e-01 3.842515652536406257e-01
-1.682682951599969584e-02 4.118998985846329397e-01 3.901484098174474169e-01
-1.669002602399969476e-02 4.182437610762824165e-01 3.961790676997795080e-01
-1.655322253199969368e-02 4.247318545617303487e-01 4.023475222770611093e-01
-1.641641903999969260e-02 4.313684721979767489e-01 4.086579023249500842e-01
-1.627961554799969152e-02 4.381580634510410799e-01 4.151144882379474987e-01
-1.614281205599969043e-02 4.451052407433903069e-01 4.217217185500459209e-01
-1.600600856399968935e-02 4.522147864197281208e-01 4.284841967723597156e-01
-1.586920507199968827e-02 4.594916600476733337e-01 4.354066985646100063e-01
-1.573240157999968719e-02 4.669410060708592547e-01 4.424941792582637312e-01
-1.559559808799968611e-02 4.745681618328251306e-01 4.497517817501347492e-01
-1.545879459599968503e-02 4.823786659911498131e-01 4.571848447862819076e-01
-1.532199110399968395e-02 4.903782673422688587e-01 4.647989116571891177e-01
-1.518518761199968287e-02 4.985729340785541308e-01 4.725997393263485225e-01
-1.504838411999968179e-02 5.069688635003267718e-01 4.805933080156119530e-01
-1.491158062799968070e-02 5.155724922067869143e-01 4.887858312719549625e-01
-1.477477713599967962e-02 5.243905067909688800e-01 4.971837665417366825e-01
-1.463797364399967854e-02 5.334298550652954995e-01 5.057938262798225004e-01
-1.450117015199967746e-02 5.426977578455559614e-01 5.146229896226310885e-01
-1.436436665999967638e-02 5.522017213226975141e-01 5.236785146555819059e-01
-1.422756316799967530e-02 5.619495500532142307e-01 5.329679513071804431e-01
-1.409075967599967422e-02 5.719493606005293662e-01 5.424991549036425331e-01
-1.395395618399967314e-02 5.822095958614077471e-01 5.522803004198382215e-01
-1.381715269199967205e-02 5.927390401130138153e-01 5.623198974641342440e-01
-1.368034919999967097e-02 6.035468348180810239e-01 5.726268060367327717e-01
-1.354354570799966989e-02 6.146424952273334963e-01 5.832102531031473358e-01
-1.340674221599966881e-02 6.260359278201221844e-01 5.940798500265167537e-01
-1.326993872399966773e-02 6.377374486261845332e-01 6.052456109046654431e-01
-1.313313523199966665e-02 6.497578024731556212e-01 6.167179718600691585e-01
-1.299633173999966557e-02 6.621081832064957817e-01 6.285078113331226124e-01
-1.285952824799966449e-02 6.748002549302888342e-01 6.406264714315011988e-01
-1.272272475599966340e-02 6.878461743192871847e-01 6.530857803907521575e-01
-1.258592126399966232e-02 7.012586140543664026e-01 6.658980762036018630e-01
-1.244911777199966124e-02 7.150507874353871918e-01 6.790762314778845399e-01
-1.231231427999966016e-02 7.292364742270399658e-01 6.926336795853457184e-01
-1.217551078799965908e-02 7.438300477948421863e-01 7.065844421658092900e-01
-1.203870729599965800e-02 7.588465035897992150e-01 7.209431580534299000e-01
-1.190190380399965692e-02 7.743014890413637552e-01 7.357251136938225411e-01
-1.176510031199965584e-02 7.902113349191505209e-01 7.509462751226314570e-01
-1.162829681999965475e-02 8.065930882243343980e-01 7.666233215778180954e-01
-1.149149332799965367e-02 8.234645466716987716e-01 7.827736808191151363e-01
-1.135468983599965259e-02 8.408442948227184965e-01 7.994155662290151065e-01
-1.121788634399965151e-02 8.587517419289280030e-01 8.165680157699629627e-01
-1.108108285199965043e-02 8.772071615426927371e-01 8.342509328720927320e-01
-1.094427935999964935e-02 8.962317329497263563e-01 8.524851293247972528e-01
-1.080747586799964827e-02 9.158475844733081628e-01 8.712923702432360251e-01
-1.067067237599964719e-02 9.360778386948657159e-01 8.906954211777946551e-01
-1.053386888399964610e-02 9.569466596283991988e-01 9.107180974297288678e-01
-1.039706539199964502e-02 9.784793018770957529e-01 9.313853156300360148e-01
-1.026026189999964394e-02 1.000702161789345013e+00 9.527231476302213675e-01
-1.012345840799964286e-02 1.023642830617284227e+00 9.747588767430070966e-01
-9.986654915999641779e-03 1.047330149664092325e+00 9.975210563575365175e-01
-9.849851423999640698e-03 1.071794267385496102e+00 1.021039570936903562e+00
-9.713047931999639617e-03 1.097066698386127914e+00 1.045345699385150429e+00
-9.576244439999638536e-03 1.123180384221658779e+00 1.070472180745666968e+00
-9.439440947999637455e-03 1.150169755881985223e+00 1.096453282162430432e+00
-9.302637455999636373e-03 1.178070797788824731e+00 1.123324868998589521e+00
-9.165833963999635292e-03 1.206921113091293574e+00 1.151124476962940735e+00
-9.029030471999634211e-03 1.236759989984359986e+00 1.179891386042144275e+00
-8.892226979999633130e-03 1.267628468706450073e+00 1.209666695974134898e+00
-8.755423487999632048e-03 1.299569408791948488e+00 1.240493402924193633e+00
-8.618619995999630967e-03 1.332627556060249852e+00 1.272416476938047714e+00
-8.481816503999629886e-03 1.366849608713886388e+00 1.305482939643830331e+00
-8.345013011999628805e-03 1.402284281790874942e+00 1.339741941554551063e+00
-8.208209519999627723e-03 1.438982369069517597e+00 1.375244838182276164e+00
-8.071406027999626642e-03 1.476996801353487099e+00 1.412045264011339452e+00
-7.934602535999625561e-03 1.516382699869047057e+00 1.450199203187357400e+00
-7.797799043999624480e-03 1.557197423280452186e+00 1.489765055557761508e+00
-7.660995551999623399e-03 1.599500606570803951e+00 1.530803696443690631e+00
-7.524192059999622317e-03 1.643354189739514748e+00 1.573378528227870721e+00
-7.387388567999621236e-03 1.688822433929415778e+00 1.617555521503311278e+00
-7.250585075999620155e-03 1.735971922212637741e+00 1.663403243137633103e+00
-7.113781583999619074e-03 1.784871541828380259e+00 1.710992868161729685e+00
-6.976978091999617992e-03 1.835592444173987259e+00 1.760398171882846530e+00
-6.840174599999616911e-03 1.888207978297257617e+00 1.811695498044190167e+00
-6.703371107999615830e-03 1.942793593018346421e+00 1.864963698199455955e+00
-6.566567615999614749e-03 1.999426702119515342e+00 1.920284036734238420e+00
-6.429764123999613668e-03 2.058186506276816541e+00 1.977740055141257614e+00
-6.292960631999612586e-03 2.119153764567443865e+00 2.037417388237185545e+00
-6.156157139999611505e-03 2.182410507469830119e+00 2.099403523992092957e+00
-6.019353647999610424e-03 2.248039682283168528e+00 2.163787497526273640e+00
-5.882550155999609343e-03 2.316124720835071482e+00 2.230659508615907782e+00
-5.745746663999608261e-03 2.386749018232505737e+00 2.300110450744430768e+00
-5.608943171999607180e-03 2.459995310259434298e+00 2.372231338353764318e+00
-5.472139679999606099e-03 2.535944935861237592e+00 2.447112617509970445e+00
-5.335336187999605018e-03 2.614676970019249147e+00 2.524843343732638523e+00
-5.198532695999603936e-03 2.696267211257079133e+00 2.605510209292865920e+00
-5.061729203999602855e-03 2.780787007102704322e+00 2.689196400923519192e+00
-4.924925711999601774e-03 2.868301900141159599e+00 2.775980267692230719e+00
-4.788122219999600693e-03 2.958870076941650051e+00 2.865933777872704535e+00
-4.651318727999599612e-03 3.052540602265909175e+00 2.959120743154041389e+00
-4.514515235999598530e-03 3.149351421726263922e+00 3.055594788628296143e+00
-4.377711743999597449e-03 3.249327117659539965e+00 3.155397047909917596e+00
-4.240908251999596368e-03 3.352476405648312952e+00 3.258553564728519536e+00
-4.104104759999595287e-03 3.458789363116740123e+00 3.365072385705654590e+00
-3.967301267999594205e-03 3.568234387047361622e+00 3.474940334129204444e+00
-3.830497775999593124e-03 3.680754885420864042e+00 3.588119461766013707e+00
-3.693694283999592043e-03 3.796265716791358269e+00 3.704543185524601601e+00
-3.556890791999590962e-03 3.914649404779018571e+00 3.824112128518433629e+00
-3.420087299999589880e-03 4.035752169445737891e+00 3.946689701185515986e+00
-3.283283807999588799e-03 4.159379835683341575e+00 4.072097477918863007e+00
-3.146480315999587718e-03 4.285293699911309595e+00 4.200110448345211189e+00
-3.009676823999586637e-03 4.413206460362412820e+00 4.330452249933201436e+00
-2.872873331999585556e-03 4.542778342556275994e+00 4.462790519683033530e+00
-2.736069839999584474e-03 4.673613579381567185e+00 4.596732536489085419e+00
-2.599266347999583393e-03 4.805257433236167053e+00 4.731821361084584510e+00
-2.462462855999582312e-03 4.937193974112820349e+00 4.867532715333292792e+00
-2.325659363999581231e-03 5.068844850018042969e+00 5.003272874368626333e+00
-2.188855871999580149e-03 5.199569301799072285e+00 5.138377870283747484e+00
-2.052052379999579068e-03 5.328665680016055006e+00 5.272114320651065889e+00
-1.915248887999577987e-03 5.455374713365829464e+00 5.403682194489465296e+00
-1.778445395999576906e-03 5.578884752823034532e+00 5.532219807625795127e+00
-1.641641903999575824e-03 5.698339170053885461e+00 5.656811294257164668e+00
-1.504838411999574743e-03 5.812846020696996518e+00 5.776496728449878937e+00
-1.368034919999573662e-03 5.921489992271657066e+00 5.890284966616343709e+00
-1.231231427999572581e-03 6.023346544368182620e+00 5.997169150598573140e+00
-1.094427935999571500e-03 6.117498019590616565e+00 6.096144655090315112e+00
-9.576244439995704183e-04 6.203051364476223739e+00 6.186229090780765993e+00
-8.208209519995693371e-04 6.279156960048750236e+00 6.266483797670709066e+00
-6.840174599995682558e-04 6.345027933689671329e+00 6.336036096637359449e+00
-5.472139679995671746e-04 6.399959220721289199e+00 6.394101428690947664e+00
-4.104104759995660934e-04 6.443345578314746191e+00 6.440004417820772709e+00
-2.736069839995650121e-04 6.474697736936388281e+00 6.473197860058024666e+00
-1.368034919995639309e-04 6.493655912722752888e+00 6.493278678962176365e+00
4.371503159461553878e-16 6.500000000000002665e+00 6.500000000000000000e+00
1.368034920004382315e-04 6.493655912722664070e+00 6.493278678962092876e+00
2.736069840004393128e-04 6.474697736936232850e+00 6.473197860057854136e+00
4.104104760004403940e-04 6.443345578314513489e+00 6.440004417820520466e+00
5.472139680004414752e-04 6.399959220720977449e+00 6.394101428690619038e+00
6.840174600004425565e-04 6.345027933689284083e+00 6.336036096636940229e+00
8.208209520004436377e-04 6.279156960048291936e+00 6.266483797670228562e+00
9.576244440004447189e-04 6.203051364475703267e+00 6.186229090780211770e+00
1.094427936000445800e-03 6.117498019590048131e+00 6.096144655089701381e+00
1.231231428000446881e-03 6.023346544367556454e+00 5.997169150597917664e+00
1.368034920000447963e-03 5.921489992270972280e+00 5.890284966615630502e+00
1.504838412000449044e-03 5.812846020696283311e+00 5.776496728449123097e+00
1.641641904000450125e-03 5.698339170053140279e+00 5.656811294256381295e+00
1.778445396000451206e-03 5.578884752822256488e+00 5.532219807624993990e+00
1.915248888000452288e-03 5.455374713365022998e+00 5.403682194488633961e+00
2.052052380000453369e-03 5.328665680015238770e+00 5.272114320650215902e+00
2.188855872000454450e-03 5.199569301798246279e+00 5.138377870282893944e+00
2.325659364000455531e-03 5.068844850017213410e+00 5.003272874367754142e+00
2.462462856000456612e-03 4.937193974111989014e+00 4.867532715332425930e+00
2.599266348000457694e-03 4.805257433235319731e+00 4.731821361083713207e+00
2.736069840000458775e-03 4.673613579380732297e+00 4.596732536488232768e+00
2.872873332000459856e-03 4.542778342555447324e+00 4.462790519682180879e+00
3.009676824000460937e-03 4.413206460361596584e+00 4.330452249932367437e+00
3.146480316000462019e-03 4.285293699910509346e+00 4.200110448344376302e+00
3.283283808000463100e-03 4.159379835682533333e+00 4.072097477918056541e+00
3.420087300000464181e-03 4.035752169444963400e+00 3.946689701184724175e+00
3.556890792000465262e-03 3.914649404778260955e+00 3.824112128517653808e+00
3.693694284000466344e-03 3.796265716790607758e+00 3.704543185523852866e+00
3.830497776000467425e-03 3.680754885420132183e+00 3.588119461765276075e+00
3.967301268000468506e-03 3.568234387046650635e+00 3.474940334128496122e+00
4.104104760000469587e-03 3.458789363116050009e+00 3.365072385704966695e+00
4.240908252000470668e-03 3.352476405647640600e+00 3.258553564727843188e+00
4.377711744000471750e-03 3.249327117658893371e+00 3.155397047909277219e+00
4.514515236000472831e-03 3.149351421725642197e+00 3.055594788627671754e+00
4.651318728000473912e-03 3.052540602265310099e+00 2.959120743153436095e+00
4.788122220000474993e-03 2.958870076941061633e+00 2.865933777872124999e+00
4.924925712000476075e-03 2.868301900140594718e+00 2.775980267691663617e+00
5.061729204000477156e-03 2.780787007102156760e+00 2.689196400922972519e+00
5.198532696000478237e-03 2.696267211256547558e+00 2.605510209292340562e+00
5.335336188000479318e-03 2.614676970018744218e+00 2.524843343732130485e+00
5.472139680000480400e-03 2.535944935860744209e+00 2.447112617509483723e+00
5.608943172000481481e-03 2.459995310258955126e+00 2.372231338353297136e+00
5.745746664000482562e-03 2.386749018232043884e+00 2.300110450743976465e+00
5.882550156000483643e-03 2.316124720834623840e+00 2.230659508615467690e+00
6.019353648000484724e-03 2.248039682282738205e+00 2.163787497525848202e+00
6.156157140000485806e-03 2.182410507469422001e+00 2.099403523991687504e+00
6.292960632000486887e-03 2.119153764567046405e+00 2.037417388236799187e+00
6.429764124000487968e-03 2.058186506276433736e+00 1.977740055140884134e+00
6.566567616000489049e-03 1.999426702119143862e+00 1.920284036733881150e+00
6.703371108000490131e-03 1.942793593017990927e+00 1.864963698199109565e+00
6.840174600000491212e-03 1.888207978296913225e+00 1.811695498043859764e+00
6.976978092000492293e-03 1.835592444173657745e+00 1.760398171882522567e+00
7.113781584000493374e-03 1.784871541828061403e+00 1.710992868161423042e+00
7.250585076000494456e-03 1.735971922212330876e+00 1.663403243137339116e+00
7.387388568000495537e-03 1.688822433929120015e+00 1.617555521503029503e+00
7.524192060000496618e-03 1.643354189739233862e+00 1.573378528227588724e+00
7.660995552000497699e-03 1.599500606570533945e+00 1.530803696443423512e+00
7.797799044000498780e-03 1.557197423280185733e+00 1.489765055557503937e+00
7.934602536000499862e-03 1.516382699868792816e+00 1.450199203187109820e+00
8.071406028000500943e-03 1.476996801353237965e+00 1.412045264011102086e+00
8.208209520000502024e-03 1.438982369069280232e+00 1.375244838182044793e+00
8.345013012000503105e-03 1.402284281790644238e+00 1.339741941554327687e+00
8.481816504000504187e-03 1.366849608713663677e+00 1.305482939643613394e+00
8.618619996000505268e-03 1.332627556060034912e+00 1.272416476937840102e+00
8.755423488000506349e-03 1.299569408791739544e+00 1.240493402923991129e+00
8.892226980000507430e-03 1.267628468706252676e+00 1.209666695973942385e+00
9.029030472000508512e-03 1.236759989984165697e+00 1.179891386041956647e+00
9.165833964000509593e-03 1.206921113091107944e+00 1.151124476962758880e+00
9.302637456000510674e-03 1.178070797788644652e+00 1.123324868998415216e+00
9.439440948000511755e-03 1.150169755881808253e+00 1.096453282162263676e+00
9.576244440000512836e-03 1.123180384221489136e+00 1.070472180745506208e+00
9.713047932000513918e-03 1.097066698385965156e+00 1.045345699384990779e+00
9.849851424000514999e-03 1.071794267385334232e+00 1.021039570936751462e+00
9.986654916000516080e-03 1.047330149663940224e+00 9.975210563573909672e-01
1.012345840800051716e-02 1.023642830617136124e+00 9.747588767428631007e-01
1.026026190000051824e-02 1.000702161789198463e+00 9.527231476300828117e-01
1.039706539200051932e-02 9.784793018769575301e-01 9.313853156299023439e-01
1.053386888400052041e-02 9.569466596282638626e-01 9.107180974296001930e-01
1.067067237600052149e-02 9.360778386947330443e-01 8.906954211776684227e-01
1.080747586800052257e-02 9.158475844731809312e-01 8.712923702431131234e-01
1.094427936000052365e-02 8.962317329496047869e-01 8.524851293246780148e-01
1.108108285200052473e-02 8.772071615425752755e-01 8.342509328719777129e-01
1.121788634400052581e-02 8.587517419288092091e-01 8.165680157698494979e-01
1.135468983600052689e-02 8.408442948226073632e-01 7.994155662289073039e-01
1.149149332800052797e-02 8.234645466715885265e-01 7.827736808190113305e-01
1.162829682000052905e-02 8.065930882242288158e-01 7.666233215777165100e-01
1.176510031200053014e-02 7.902113349190469371e-01 7.509462751225338684e-01
1.190190380400053122e-02 7.743014890412635021e-01 7.357251136937270619e-01
1.203870729600053230e-02 7.588465035897025146e-01 7.209431580533370854e-01
1.217551078800053338e-02 7.438300477947479283e-01 7.065844421657183627e-01
1.231231428000053446e-02 7.292364742269499267e-01 6.926336795852582329e-01
1.244911777200053554e-02 7.150507874352980409e-01 6.790762314777992747e-01
1.258592126400053662e-02 7.012586140542779178e-01 6.658980762035179302e-01
1.272272475600053770e-02 6.878461743192008093e-01 6.530857803906714443e-01
1.285952824800053879e-02 6.748002549302074549e-01 6.406264714314230391e-01
1.299633174000053987e-02 6.621081832064154016e-01 6.285078113330451188e-01
1.313313523200054095e-02 6.497578024730776836e-01 6.167179718599956617e-01
1.326993872400054203e-02 6.377374486261098152e-01 6.052456109045930566e-01
1.340674221600054311e-02 6.260359278200482436e-01 5.940798500264461435e-01
1.354354570800054419e-02 6.146424952272618869e-01 5.832102531030807224e-01
1.368034920000054527e-02 6.035468348180104137e-01 5.726268060366660473e-01
1.381715269200054635e-02 5.927390401129463138e-01 5.623198974640700731e-01
1.395395618400054744e-02 5.822095958613422439e-01 5.522803004197757160e-01
1.409075967600054852e-02 5.719493606004648623e-01 5.424991549035806937e-01
1.422756316800054960e-02 5.619495500531495047e-01 5.329679513071209351e-01
1.436436666000055068e-02 5.522017213226344534e-01 5.236785146555251735e-01
1.450117015200055176e-02 5.426977578454940110e-01 5.146229896225752443e-01
1.463797364400055284e-02 5.334298550652375459e-01 5.057938262797680995e-01
1.477477713600055392e-02 5.243905067909112594e-01 4.971837665416836138e-01
1.491158062800055500e-02 5.155724922067308480e-01 4.887858312719022824e-01
1.504838412000055609e-02 5.069688635002718158e-01 4.805933080155588288e-01
1.518518761200055717e-02 4.985729340785003405e-01 4.725997393262997837e-01
1.532199110400055825e-02 4.903782673422179550e-01 4.647989116571400459e-01
1.545879459600055933e-02 4.823786659910986874e-01 4.571848447862340015e-01
1.559559808800056041e-02 4.745681618327753371e-01 4.497517817500885640e-01
1.573240158000056149e-02 4.669410060708110710e-01 4.424941792582189892e-01
1.586920507200056257e-02 4.594916600476258162e-01 4.354066985645638210e-01
1.600600856400056365e-02 4.522147864196819356e-01 4.284841967723156952e-01
1.614281205600056474e-02 4.451052407433462310e-01 4.217217185500019561e-01
1.627961554800056582e-02 4.381580634509963379e-01 4.151144882379048662e-01
1.641641904000056690e-02 4.313684721979350045e-01 4.086579023249086173e-01
1.655322253200056798e-02 4.247318545616896035e-01 4.023475222770208082e-01
1.669002602400056906e-02 4.182437610762399505e-01 3.961790676997401506e-01
1.682682951600057014e-02 4.118998985845925276e-01 3.901484098174096138e-01
1.696363300800057122e-02 4.056961238939416625e-01 3.842515652536042103e-01
1.710043650000057230e-02 3.996284377185773673e-01 3.784846900974292438e-01
1.723723999200057339e-02 3.936929788963253185e-01 3.728440742414059761e-01
1.737404348400057447e-02 3.878860188651486740e-01 3.673261359773870582e-01
1.751084697600057555e-02 3.822039563871754697e-01 3.619274168376824252e-01
1.764765046800057663e-02 3.766433125080751454e-01 3.566445766692011854e-01
1.778445396000057771e-02 3.712007257403765470e-01 3.514743889291165324e-01
1.792125745200057879e-02 3.658729474598182985e-01 3.464137361911227564e-01
1.805806094400057987e-02 3.606568375044901797e-01 3.414596058519662747e-01
1.819486443600058095e-02 3.555493599669530269e-01 3.366090860284159936e-01
1.833166792800058204e-02 3.505475791701015420e-01 3.318593616354476028e-01
1.846847142000058312e-02 3.456486558179658330e-01 3.272077106367907162e-01
1.860527491200058420e-02 3.408498433130950356e-01 3.226515004595200131e-01
1.874207840400058528e-02 3.361484842326502021e-01 3.181881845648022455e-01
1.887888189600058636e-02 3.315420069556245242e-01 3.138152991672726322e-01
1.901568538800058744e-02 3.270279224341240409e-01 3.095304600959529751e-01
1.915248888000058852e-02 3.226038211019117141e-01 3.053313597899675602e-01
1.928929237200058960e-02 3.182673699137545942e-01 3.012157644226544084e-01
1.942609586400059069e-02 3.140163095095376833e-01 2.971815111480269889e-01
1.956289935600059177e-02 3.098484514972890125e-01 2.932265054637838708e-01
1.969970284800059285e-02 3.057616758496253806e-01 2.893487186854734050e-01
1.983650634000059393e-02 3.017539284084066464e-01 2.855461855265568616e-01
1.997330983200059501e-02 2.978232184926022930e-01 2.818170017794987547e-01
2.011011332400059609e-02 2.939676166046545358e-01 2.781593220931757315e-01
2.024691681600059717e-02 2.901852522308653870e-01 2.745713578421895562e-01
2.038372030800059825e-02 2.864743117315070586e-01 2.710513750838519642e-01
2.052052380000059933e-02 2.828330363166317585e-01 2.675976925988358124e-01
2.065732729200060042e-02 2.792597201037036458e-01 2.642086800116962841e-01
2.079413078400060150e-02 2.757527082533770546e-01 2.608827559876314428e-01
2.093093427600060258e-02 2.723103951799660249e-01 2.576183865020422181e-01
2.106773776800060366e-02 2.689312228332290666e-01 2.544140831796377067e-01
2.120454126000060474e-02 2.656136790483603627e-01 2.512684016999576220e-01
2.134134475200060582e-02 2.623562959611461798e-01 2.481799402663562026e-01
2.147814824400060690e-02 2.591576484854473672e-01 2.451473381356467918e-01
2.161495173600060798e-02 2.560163528502500951e-01 2.421692742057197090e-01
2.175175522800060907e-02 2.529310651937394239e-01 2.392444656585730189e-01
2.188855872000061015e-02 2.499004802118566793e-01 2.363716666563580315e-01
2.202536221200061123e-02 2.469233298590565173e-01 2.335496670881058445e-01
2.216216570400061231e-02 2.439983820989604646e-01 2.307772913649499547e-01
2.229896919600061339e-02 2.411244397028011743e-01 2.280533972617364014e-01
2.243577268800061447e-02 2.383003390936196120e-01 2.253768748030473001e-01
2.257257618000061555e-02 2.355249492342491313e-01 2.227466451917110846e-01
2.270937967200061663e-02 2.327971705572653704e-01 2.201616597780024775e-01
2.284618316400061772e-02 2.301159339351039890e-01 2.176208990678147881e-01
2.298298665600061880e-02 2.274801996886817723e-01 2.151233717681206303e-01
2.311979014800061988e-02 2.248889566329121958e-01 3.244103830299874813e-01
2.325659364000062096e-02 2.223412211575671593e-01 3.707052049533638982e-01
2.339339713200062204e-02 2.198360363420448493e-01 4.042022372912230654e-01
2.353020062400062312e-02 2.173724711026127077e-01 4.312716088474256582e-01
2.366700411600062420e-02 2.149496193708305414e-01 4.542825455114611333e-01
2.380380760800062528e-02 3.268039647912655554e-01 4.744301161119500176e-01
2.394061110000062637e-02 3.712085198845050393e-01 4.924181394087090990e-01
2.407741459200062745e-02 4.037474102200222514e-01 5.087029366109236950e-01
2.421421808400062853e-02 4.301831144837734433e-01 5.236005454306492668e-01
2.435102157600062961e-02 4.527261710306869080e-01 5.373406725443148346e-01
2.448782506800063069e-02 4.725070298081308628e-01 5.500965547326648331e-01
2.462462856000063177e-02 4.901968081461496873e-01 5.620027076708882241e-01
2.476143205200063285e-02 5.062329369368857579e-01 5.731660786075112313e-01
2.489823554400063393e-02 5.209195185053787647e-01 5.836733744009124925e-01
2.503503903600063502e-02 5.344782134499223014e-01 5.935960565831891467e-01
2.517184252800063610e-02 5.470765618075644765e-01 6.029938524735350969e-01
2.530864602000063718e-02 5.588448882398784345e-01 6.119172885386036098e-01
2.544544951200063826e-02 5.698869604460987670e-01 6.204095598622070273e-01
2.558225300400063934e-02 5.802870116112055499e-01 6.285079369731646493e-01
2.571905649600064042e-02 5.901145380279833041e-01 6.362448428803213485e-01
2.585585998800064150e-02 5.994276778677084527e-01 6.436486902729262605e-01
2.599266348000064258e-02 6.082756530277337870e-01 6.507445411863344020e-01
2.612946697200064367e-02 6.167005736082052936e-01 6.575546331502278852e-01
2.626627046400064475e-02 6.247387974992110182e-01 6.640988034815415997e-01
2.640307395600064583e-02 6.324219723746020705e-01 6.703948348678572255e-01
2.653987744800064691e-02 6.397778464305390322e-01 6.764587394106835738e-01
2.667668094000064799e-02 6.468309077474437840e-01 6.823049940355339071e-01
2.681348443200064907e-02 6.536028946360298297e-01 6.879467370902996315e-01
2.695028792400065015e-02 6.601132074729617605e-01 6.933959336894691683e-01
2.708709141600065123e-02 6.663792443494543916e-01 6.986635156798833846e-01
2.722389490800065232e-02 6.724166771076905968e-01 7.037595008397570240e-01
2.736069840000065340e-02 6.782396802356357446e-01 7.086930949626875087e-01
2.749750189200065448e-02 6.838611221171233545e-01 7.134727797420165052e-01
2.763430538400065556e-02 6.892927259502090731e-01 7.181063888008597518e-01
2.777110887600065664e-02 6.945452060230676850e-01 7.226011737680896330e-01
2.790791236800065772e-02 6.996283838155948898e-01 7.269638619502059029e-01
2.804471586000065880e-02 7.045512874667153591e-01 7.312007068713504143e-01
2.818151935200065988e-02 7.093222374350621751e-01 7.353175327318370869e-01
2.831832284400066096e-02 7.139489206289022505e-01 7.393197736572946210e-01
2.845512633600066205e-02 7.184384548501371315e-01 7.432125084662786207e-01
2.859192982800066313e-02 7.227974450577744348e-01 7.470004915668332357e-01
2.872873332000066421e-02 7.270320326869812444e-01 7.506881804964631311e-01
2.886553681200066529e-02 7.311479390447177540e-01 7.542797605409478079e-01
2.900234030400066637e-02 7.351505036298797702e-01 7.577791668021783833e-01
2.913914379600066745e-02 7.390447180859264220e-01 7.611901040308759470e-01
2.927594728800066853e-02 7.428352563799580643e-01 7.645160644948468809e-01
2.941275078000066961e-02 7.465265017089255384e-01 7.677603441154573494e-01
2.954955427200067070e-02 7.501225705569090074e-01 7.709260570730982476e-01
2.968635776400067178e-02 7.536273342638888373e-01 7.740161490554317014e-01
2.982316125600067286e-02 7.570444384137116067e-01 7.770334092993714803e-01
2.995996474800067394e-02 7.603773203049067897e-01 7.799804815582388473e-01
3.009676824000067502e-02 7.636292247311083914e-01 7.828598741089743962e-01
3.023357173200067610e-02 7.668032182667787744e-01 7.856739688999803128e-01
3.037037522400067718e-02 7.699022022276549304e-01 7.884250299280133323e-01
3.050717871600067826e-02 7.729289244531103442e-01 7.911152109218932971e-01
3.064398220800067935e-02 7.758859900386356756e-01 7.937465624017746579e-01
3.078078570000068043e-02 7.787758711304765269e-01 7.963210381747534150e-01
3.091758919200068151e-02 7.816009158805964363e-01 7.988405013207212635e-01
3.105439268400068259e-02 7.843633566481743591e-01 8.013067297164048197e-01
3.119119617600068367e-02 7.870653175236143051e-01 8.037214211402591291e-01
3.132799966800068475e-02 7.897088212421152775e-01 8.060861979963310775e-01
3.146480316000068583e-02 7.922957955461464863e-01 8.084026116911662285e-01
3.160160665200068691e-02 7.948280790494798298e-01 8.106721466942723442e-01
3.173841014400068800e-02 7.973074266495792095e-01 8.128962243095686491e-01
3.187521363600068908e-02 7.997355145300297785e-01 8.150762061824504690e-01
3.201201712800069016e-02 8.021139447902323472e-01 8.172133975646859172e-01
3.214882062000069124e-02 8.044442497356588673e-01 8.193090503571465177e-01
3.228562411200069232e-02 8.067278958584757076e-01 8.213643659485220239e-01
3.242242760400069340e-02 8.089662875353420546e-01 8.233804978663539220e-01
3.255923109600069448e-02 8.111607704664560714e-01 8.253585542552915877e-01
3.269603458800069556e-02 8.133126348775547854e-01 8.272996001960299939e-01
3.283283808000069665e-02 8.154231185044353847e-01 8.292046598771879440e-01
3.296964157200069773e-02 8.174934093777282973e-01 8.310747186313167667e-01
3.310644506400069881e-02 8.195246484239051554e-01 8.329107248451875778e-01
3.324324855600069989e-02 8.215179318970842193e-01 8.347135917536647742e-01
3.338005204800070097e-02 8.234743136548009490e-01 8.364841991256517506e-01
3.351685554000070205e-02 8.253948072897471233e-01 8.382233948498719611e-01
3.365365903200070313e-02 8.272803881283936622e-01 8.399319964276228401e-01
3.379046252400070421e-02 8.291319951064565208e-01 8.416107923790060452e-01
3.392726601600070530e-02 8.309505325302938283e-01 8.432605435686508777e-01
3.406406950800070638e-02 8.327368717325370762e-01 8.448819844564423587e-01
3.420087300000070746e-02 8.344918526295781458e-01 8.464758242783106956e-01
3.433767649200070854e-02 8.362162851878401915e-01 8.480427481617747176e-01
3.447447998400070962e-02 8.379109508052792199e-01 8.495834181805367313e-01
3.461128347600071070e-02 8.395766036139306054e-01 8.510984743521232687e-01
3.474808696800071178e-02 8.412139717089353042e-01 8.525885355822201417e-01
3.488489046000071286e-02 8.428237583089962515e-01 8.540542005591326147e-01
3.502169395200071395e-02 8.444066428528409496e-01 8.554960486015066312e-01
3.515849744400071503e-02 8.459632820359160865e-01 8.569146404622134394e-01
3.529530093600071611e-02 8.474943107912112916e-01 8.583105190911289872e-01
3.543210442800071719e-02 8.490003432178017118e-01 8.596842103592997608e-01
3.556890792000071827e-02 8.504819734604562864e-01 8.610362237468321966e-01
3.570571141200071935e-02 8.519397765433883718e-01 8.623670529966723786e-01
3.584251490400072043e-02 8.533743091609897746e-01 8.636771767363065067e-01
3.597931839600072151e-02 8.547861104282289402e-01 8.649670590692362104e-01
3.611612188800072260e-02 8.561757025931512333e-01 8.662371501379999561e-01
3.625292538000072368e-02 8.575435917137707031e-01 8.674878866603706884e-01
3.638972887200072476e-02 8.588902683014850714e-01 8.687196924402399434e-01
3.652653236400072584e-02 8.602162079329790378e-01 8.699329788546329434e-01
3.666333585600072692e-02 8.615218718324693103e-01 8.711281453181586309e-01
3.680013934800072800e-02 8.628077074260085411e-01 8.723055797261691779e-01
3.693694284000072908e-02 8.640741488694284600e-01 8.734656588777639508e-01
3.707374633200073016e-02 8.653216175514459874e-01 8.746087488797459342e-01
3.721054982400073124e-02 8.665505225733033390e-01 8.757352055325523521e-01
3.734735331600073233e-02 8.677612612062544084e-01 8.768453746991028419e-01
3.748415680800073341e-02 8.689542193281278859e-01 8.779395926574792286e-01
3.762096030000073449e-02 8.701297718400904380e-01 8.790181864382776711e-01
3.775776379200073557e-02 8.712882830646895282e-01 8.800814741474193292e-01
3.789456728400073665e-02 8.724301071261825191e-01 8.811297652751670650e-01
3.803137077600073773e-02 8.735555883140765365e-01 8.821633609920566110e-01
3.816817426800073881e-02 8.746650614307781568e-01 8.831825544323894661e-01
3.830497776000073989e-02 8.757588521241689294e-01 8.841876309659189026e-01
3.844178125200074098e-02 8.768372772058922182e-01 8.851788684583057343e-01
3.857858474400074206e-02 8.779006449560678993e-01 8.861565375208996231e-01
3.871538823600074314e-02 8.789492554151518977e-01 8.871209017503667305e-01
3.885219172800074422e-02 8.799834006635526285e-01 8.880722179586448828e-01
3.898899522000074530e-02 8.810033650896355040e-01 8.890107363937099771e-01
3.912579871200074638e-02 8.820094256466893823e-01 8.899367009515568583e-01
3.926260220400074746e-02 8.830018520993813125e-01 8.908503493798475281e-01
3.939940569600074854e-02 8.839809072602331508e-01 8.917519134735848452e-01
3.953620918800074963e-02 8.849468472165661348e-01 8.926416192632002922e-01
3.967301268000075071e-02 8.858999215484163470e-01 8.935196871953937636e-01
3.980981617200075179e-02 8.868403735378026509e-01 8.943863323070647686e-01
3.994661966400075287e-02 8.877684403697831961e-01 8.952417643926391388e-01
4.008342315600075395e-02 8.886843533256720828e-01 8.960861881651022154e-01
4.022022664800075503e-02 8.895883379687865578e-01 8.969198034110031914e-01
4.035703014000075611e-02 8.904806143230501458e-01 8.977428051397066122e-01
4.049383363200075719e-02 8.913613970448054369e-01 8.985553837271453848e-01
4.063063712400075828e-02 8.922308955881189663e-01 8.993577250543079993e-01
4.076744061600075936e-02 8.930893143638768406e-01 9.001500106407022139e-01
4.090424410800076044e-02 8.939368528929615421e-01 9.009324177729882699e-01
4.104104760000076152e-02 8.947737059537448356e-01 9.017051196290105652e-01
4.117785109200076260e-02 8.956000637241753326e-01 9.024682853974163033e-01
4.131465458400076368e-02 8.964161119186728754e-01 9.032220803930339770e-01
4.145145807600076476e-02 8.972220319200683303e-01 9.039666661682124182e-01
4.158826156800076584e-02 8.980180009067949554e-01 9.047022006202669608e-01
4.172506506000076693e-02 8.988041919755380693e-01 9.054288380952018045e-01
4.186186855200076801e-02 8.995807742595267609e-01 9.061467294878701173e-01
4.199867204400076909e-02 9.003479130426652599e-01 9.068560223386968877e-01
4.213547553600077017e-02 9.011057698696633977e-01 9.075568609271195131e-01
4.227227902800077125e-02 9.018545026523347996e-01 9.082493863618769092e-01
4.240908252000077233e-02 9.025942657722362261e-01 9.089337366682622710e-01
4.254588601200077341e-02 9.033252101797659694e-01 9.096100468724701571e-01
4.268268950400077449e-02 9.040474834899026035e-01 9.102784490831459241e-01
4.281949299600077558e-02 9.047612300746856739e-01 9.109390725702551928e-01
4.295629648800077666e-02 9.054665911525930921e-01 9.115920438413666060e-01
4.309309998000077774e-02 9.061637048749294765e-01 9.122374867154549039e-01
4.322990347200077882e-02 9.068527064093356849e-01 9.128755223943189057e-01
4.336670696400077990e-02 9.075337280205512114e-01 9.135062695317014425e-01
4.350351045600078098e-02 9.082068991485184872e-01 9.141298443002093821e-01
4.364031394800078206e-02 9.088723464839426613e-01 9.147463604560914785e-01
4.377711744000078314e-02 9.095301940414040054e-01 9.153559294019973924e-01
4.391392093200078423e-02 9.101805632301118720e-01 9.159586602477352013e-01
4.405072442400078531e-02 9.108235729223933541e-01 9.165546598691647340e-01
4.418752791600078639e-02 9.114593395199999115e-01 9.171440329652362777e-01
4.432433140800078747e-02 9.120879770183200064e-01 9.177268821132924526e-01
4.446113490000078855e-02 9.127095970685715765e-01 9.183033078226546797e-01
4.459793839200078963e-02 9.133243090380408491e-01 9.188734085865933876e-01
4.473474188400079071e-02 9.139322200684636410e-01 9.194372809327057139e-01
4.487154537600079179e-02 9.145334351325852262e-01 9.199950194717830820e-01
4.500834886800079288e-02 9.151280570889930299e-01 9.205467169452139498e-01
4.514515236000079396e-02 9.157161867352718865e-01 9.210924642709656940e-01
4.528195585200079504e-02 9.162979228595382608e-01 9.216323505882096923e-01
4.541875934400079612e-02 9.168733622904244873e-01 9.221664633006235734e-01
4.555556283600079720e-02 9.174425999455561032e-01 9.226948881184262596e-01
4.569236632800079828e-02 9.180057288785814507e-01 9.232177090991857682e-01
4.582916982000079936e-02 9.185628403248048413e-01 9.237350086874422939e-01
4.596597331200080044e-02 9.191140237454721307e-01 9.242468677531820997e-01
4.610277680400080152e-02 9.196593668707496727e-01 9.247533656292129534e-01
4.623958029600080261e-02 9.201989557414483878e-01 9.252545801474679754e-01
4.637638378800080369e-02 9.207328747495394650e-01 9.257505876742759821e-01
4.651318728000080477e-02 9.212612066774918951e-01 9.262414631446335145e-01
4.664999077200080585e-02 9.217840327364771325e-01 9.267272800955195233e-01
4.678679426400080693e-02 9.223014326034902899e-01 9.272081106982659193e-01
4.692359775600080801e-02 9.228134844573958606e-01 9.276840257900327291e-01
4.706040124800080909e-02 9.233202650139749057e-01 9.281550949044139465e-01
4.719720474000081017e-02 9.238218495599681557e-01 9.286213863011906211e-01
4.733400823200081126e-02 9.243183119861654307e-01 9.290829669952710423e-01
4.747081172400081234e-02 9.248097248195822351e-01 9.295399027848471052e-01
4.760761521600081342e-02 9.252961592547352954e-01 9.299922582787718550e-01
4.774441870800081450e-02 9.257776851840527899e-01 9.304400969232090590e-01
4.788122220000081558e-02 9.262543712274565744e-01 9.308834810275565808e-01
4.801802569200081666e-02 9.267262847611303922e-01 9.313224717896826377e-01
4.815482918400081774e-02 9.271934919455027124e-01 9.317571293204850447e-01
4.829163267600081882e-02 9.276560577524780582e-01 9.321875126677959811e-01
4.842843616800081991e-02 9.281140459919331454e-01 9.326136798396605920e-01
4.856523966000082099e-02 9.285675193374971492e-01 9.330356878270047449e-01
4.870204315200082207e-02 9.290165393516532921e-01 9.334535926257030436e-01
4.883884664400082315e-02 9.294611665101646381e-01 9.338674492580796294e-01
4.897565013600082423e-02 9.299014602258590667e-01 9.342773117938436567e-01
4.911245362800082531e-02 9.303374788717907462e-01 9.346832333704908624e-01
4.924925712000082639e-02 9.307692798037872084e-01 9.350852662131813320e-01
4.938606061200082747e-02 9.311969193824209956e-01 9.354834616541027881e-01
4.952286410400082856e-02 9.316204529943931112e-01 9.358778701513499332e-01
4.965966759600082964e-02 9.320399350733898913e-01 9.362685413073145169e-01
4.979647108800083072e-02 9.324554191203782150e-01 9.366555238866208777e-01
4.993327458000083180e-02 9.328669577233961174e-01 9.370388658336087362e-01
5.007007807200083288e-02 9.332746025768369202e-01 9.374186142893760065e-01
5.020688156400083396e-02 9.336784045002435306e-01 9.377948156083949494e-01
5.034368505600083504e-02 9.340784134566273433e-01 9.381675153747279783e-01
5.048048854800083612e-02 9.344746785703261782e-01 9.385367584178311295e-01
5.061729204000083721e-02 9.348672481444200155e-01 9.389025888279730614e-01
5.075409553200083829e-02 9.352561696777125233e-01 9.392650499712826839e-01
5.089089902400083937e-02 9.356414898812794867e-01 9.396241845044165375e-01
5.102770251600084045e-02 9.360232546946287702e-01 9.399800343888853327e-01
5.116450600800084153e-02 9.364015093014470548e-01 9.403326409050258849e-01
5.130130950000084261e-02 9.367762981449682114e-01 9.406820446656407597e-01
5.143811299200084369e-02 9.371476649429647532e-01 9.410282856293040732e-01
5.157491648400084477e-02 9.375156527023784658e-01 9.413714031133592064e-01
5.171171997600084586e-02 9.378803037335912141e-01 9.417114358066048796e-01
5.184852346800084694e-02 9.382416596643649020e-01 9.420484217816739170e-01
5.198532696000084802e-02 9.385997614534278277e-01 9.423823985071337894e-01
5.212213045200084910e-02 9.389546494037586122e-01 9.427134028592880632e-01
5.225893394400085018e-02 9.393063631755396159e-01 9.430414711337160583e-01
5.239573743600085126e-02 9.396549417988057096e-01 9.433666390565306203e-01
5.253254092800085234e-02 9.400004236858067186e-01 9.436889417953912007e-01
5.266934442000085342e-02 9.403428466430593380e-01 9.440084139702411559e-01
5.280614791200085451e-02 9.406822478831378120e-01 9.443250896638211156e-01
5.294295140400085559e-02 9.410186640361759558e-01 9.446390024319222256e-01
5.307975489600085667e-02 9.413521311611127151e-01 9.449501853134182339e-01
5.321655838800085775e-02 9.416826847566686087e-01 9.452586708400645410e-01
5.335336188000085883e-02 9.420103597720753674e-01 9.455644910460732078e-01
5.349016537200085991e-02 9.423351906175601034e-01 9.458676774774759100e-01
5.362696886400086099e-02 9.426572111745901150e-01 9.461682612012772831e-01
5.376377235600086207e-02 9.429764548058787721e-01 9.464662728143989900e-01
5.390057584800086316e-02 9.432929543651754623e-01 9.467617424524268355e-01
5.403737934000086424e-02 9.436067422068269428e-01 9.470546997981651449e-01
5.417418283200086532e-02 9.439178501951231981e-01 9.473451740899977436e-01
5.431098632400086640e-02 9.442263097134452332e-01 9.476331941300718542e-01
5.444778981600086748e-02 9.445321516731919331e-01 9.479187882922922581e-01
5.458459330800086856e-02 9.448354065225239573e-01 9.482019845301480343e-01
