0.000000000000000000e+00 0.000000000000000000e+00
-5.472139679999999534e-02 6.834451544661099831e-01
-5.458459330799999426e-02 6.835053818266398906e-01
-5.444778981599999318e-02 6.835660868874176010e-01
-5.431098632399999210e-02 6.836272747772260683e-01
-5.417418283199999102e-02 6.836889506947206874e-01
-5.403737933999998994e-02 6.837511199095789305e-01
-5.390057584799998885e-02 6.838137877636862871e-01
-5.376377235599998777e-02 6.838769596723428545e-01
-5.362696886399998669e-02 6.839406411254871365e-01
-5.349016537199998561e-02 6.840048376889492632e-01
-5.335336187999998453e-02 6.840695550057359631e-01
-5.321655838799998345e-02 6.841347987973313005e-01
-5.307975489599998237e-02 6.842005748650145103e-01
-5.294295140399998129e-02 6.842668890912382285e-01
-5.280614791199998020e-02 6.843337474409929566e-01
-5.266934441999997912e-02 6.844011559632251496e-01
-5.253254092799997804e-02 6.844691207922825038e-01
-5.239573743599997696e-02 6.845376481493751220e-01
-5.225893394399997588e-02 6.846067443440769784e-01
-5.212213045199997480e-02 6.846764157758609137e-01
-5.198532695999997372e-02 6.847466689356515035e-01
-5.184852346799997264e-02 6.848175104074271102e-01
-5.171171997599997155e-02 6.848889468698375893e-01
-5.157491648399997047e-02 6.849609850978727321e-01
-5.143811299199996939e-02 6.850336319645494720e-01
-5.130130949999996831e-02 6.851068944426460527e-01
-5.116450600799996723e-02 6.851807796064651734e-01
-5.102770251599996615e-02 6.852552946336410988e-01
-5.089089902399996507e-02 6.853304468069741917e-01
-5.075409553199996399e-02 6.854062435163208455e-01
-5.061729203999996290e-02 6.854826922604964068e-01
-5.048048854799996182e-02 6.855598006492558127e-01
-5.034368505599996074e-02 6.856375764052787813e-01
-5.020688156399995966e-02 6.857160273662248340e-01
-5.007007807199995858e-02 6.857951614868217360e-01
-4.993327457999995750e-02 6.858749868409922401e-01
-4.979647108799995642e-02 6.859555116240440009e-01
-4.965966759599995534e-02 6.860367441548882450e-01
-4.952286410399995426e-02 6.861186928783205019e-01
-4.938606061199995317e-02 6.862013663673496300e-01
-4.924925711999995209e-02 6.862847733255655891e-01
-4.911245362799995101e-02 6.863689225895734936e-01
-4.897565013599994993e-02 6.864538231314768479e-01
-4.883884664399994885e-02 6.865394840614116312e-01
-4.870204315199994777e-02 6.866259146301482152e-01
-4.856523965999994669e-02 6.867131242317279227e-01
-4.842843616799994561e-02 6.868011224061897346e-01
-4.829163267599994452e-02 6.868899188423335245e-01
-4.815482918399994344e-02 6.869795233805583434e-01
-4.801802569199994236e-02 6.870699460157555505e-01
-4.788122219999994128e-02 6.871611969002843212e-01
-4.774441870799994020e-02 6.872532863469859032e-01
-4.760761521599993912e-02 6.873462248323007895e-01
-4.747081172399993804e-02 6.874400229994371836e-01
-4.733400823199993696e-02 6.875346916616090764e-01
-4.719720473999993587e-02 6.876302418053653609e-01
-4.706040124799993479e-02 6.877266845939844497e-01
-4.692359775599993371e-02 6.878240313709490517e-01
-4.678679426399993263e-02 6.879222936635032148e-01
-4.664999077199993155e-02 6.880214831863029623e-01
-4.651318727999993047e-02 6.881216118451278785e-01
-4.637638378799992939e-02 6.882226917407101574e-01
-4.623958029599992831e-02 6.883247351726342611e-01
-4.610277680399992722e-02 6.884277546433338335e-01
-4.596597331199992614e-02 6.885317628621906438e-01
-4.582916981999992506e-02 6.886367727497233471e-01
-4.569236632799992398e-02 6.887427974418850463e-01
-4.555556283599992290e-02 6.888498502944535584e-01
-4.541875934399992182e-02 6.889579448875445822e-01
-4.528195585199992074e-02 6.890670950302190123e-01
-4.514515235999991966e-02 6.891773147652134890e-01
-4.500834886799991857e-02 6.892886183737805261e-01
-4.487154537599991749e-02 6.894010203806528736e-01
-4.473474188399991641e-02 6.895145355591260072e-01
-4.459793839199991533e-02 6.896291789362751778e-01
-4.446113489999991425e-02 6.897449657982868132e-01
-4.432433140799991317e-02 6.898619116959495701e-01
-4.418752791599991209e-02 6.899800324502484150e-01
-4.405072442399991101e-02 6.900993441581357857e-01
-4.391392093199990992e-02 6.902198631984287625e-01
-4.377711743999990884e-02 6.903416062378444629e-01
-4.364031394799990776e-02 6.904645902372351651e-01
-4.350351045599990668e-02 6.905888324579272375e-01
-4.336670696399990560e-02 6.907143504682641266e-01
-4.322990347199990452e-02 6.908411621502974498e-01
-4.309309997999990344e-02 6.909692857066639382e-01
-4.295629648799990236e-02 6.910987396676412375e-01
-4.281949299599990127e-02 6.912295428983682433e-01
-4.268268950399990019e-02 6.913617146062954744e-01
-4.254588601199989911e-02 6.914952743487876585e-01
-4.240908251999989803e-02 6.916302420409654594e-01
-4.227227902799989695e-02 6.917666379637226193e-01
-4.213547553599989587e-02 6.919044827719968982e-01
-4.199867204399989479e-02 6.920437975032249778e-01
-4.186186855199989371e-02 6.921846035860526047e-01
-4.172506505999989262e-02 6.923269228492624494e-01
-4.158826156799989154e-02 6.924707775309659752e-01
-4.145145807599989046e-02 6.926161902880205723e-01
-4.131465458399988938e-02 6.927631842057379030e-01
-4.117785109199988830e-02 6.929117828078239505e-01
-4.104104759999988722e-02 6.930620100666265992e-01
-4.090424410799988614e-02 6.932138904136496693e-01
-4.076744061599988506e-02 6.933674487503733719e-01
-4.063063712399988398e-02 6.935227104593673086e-01
-4.049383363199988289e-02 6.936797014157203289e-01
-4.035703013999988181e-02 6.938384479988097819e-01
-4.022022664799988073e-02 6.939989771043841849e-01
-4.008342315599987965e-02 6.941613161570097112e-01
-3.994661966399987857e-02 6.943254931228529658e-01
-3.980981617199987749e-02 6.944915365228701010e-01
-3.967301267999987641e-02 6.946594754463383259e-01
-3.953620918799987533e-02 6.948293395648142967e-01
-3.939940569599987424e-02 6.950011591464785310e-01
-3.926260220399987316e-02 6.951749650709208028e-01
-3.912579871199987208e-02 6.953507888443524187e-01
-3.898899521999987100e-02 6.955286626152773488e-01
-3.885219172799986992e-02 6.957086191906277639e-01
-3.871538823599986884e-02 6.958906920523872941e-01
-3.857858474399986776e-02 6.960749153747164408e-01
-3.844178125199986668e-02 6.962613240415966853e-01
-3.830497775999986559e-02 6.964499536650119449e-01
-3.816817426799986451e-02 6.966408406036935785e-01
-3.803137077599986343e-02 6.968340219824363801e-01
-3.789456728399986235e-02 6.970295357120139812e-01
-3.775776379199986127e-02 6.972274205097214184e-01
-3.762096029999986019e-02 6.974277159205498622e-01
-3.748415680799985911e-02 6.976304623390399140e-01
-3.734735331599985803e-02 6.978357010318103626e-01
-3.721054982399985694e-02 6.980434741608224636e-01
-3.707374633199985586e-02 6.982538248073704157e-01
-3.693694283999985478e-02 6.984667969968578749e-01
-3.680013934799985370e-02 6.986824357243547334e-01
-3.666333585599985262e-02 6.989007869810199836e-01
-3.652653236399985154e-02 6.991218977813357105e-01
-3.638972887199985046e-02 6.993458161912856630e-01
-3.625292537999984938e-02 6.995725913574374344e-01
-3.611612188799984829e-02 6.998022735369918701e-01
-3.597931839599984721e-02 7.000349141288434440e-01
-3.584251490399984613e-02 7.002705657056782496e-01
-3.570571141199984505e-02 7.005092820471595649e-01
-3.556890791999984397e-02 7.007511181742381856e-01
-3.543210442799984289e-02 7.009961303846276026e-01
-3.529530093599984181e-02 7.012443762895148591e-01
-3.515849744399984073e-02 7.014959148515246268e-01
-3.502169395199983964e-02 7.017508064240058907e-01
-3.488489045999983856e-02 7.020091127916940899e-01
-3.474808696799983748e-02 7.022708972128066662e-01
-3.461128347599983640e-02 7.025362244626160990e-01
-3.447447998399983532e-02 7.028051608785852444e-01
-3.433767649199983424e-02 7.030777744071110558e-01
-3.420087299999983316e-02 7.033541346519551762e-01
-3.406406950799983208e-02 7.036343129244309047e-01
-3.392726601599983099e-02 7.039183822954099279e-01
-3.379046252399982991e-02 7.042064176492520700e-01
-3.365365903199982883e-02 7.044984957397187886e-01
-3.351685553999982775e-02 7.047946952479525740e-01
-3.338005204799982667e-02 7.050950968426451526e-01
-3.324324855599982559e-02 7.053997832424598879e-01
-3.310644506399982451e-02 7.057088392808009703e-01
-3.296964157199982343e-02 7.060223519730876029e-01
-3.283283807999982234e-02 7.063404105865737082e-01
-3.269603458799982126e-02 7.066631067128735788e-01
-3.255923109599982018e-02 7.069905343433275924e-01
-3.242242760399981910e-02 7.073227899472811497e-01
-3.228562411199981802e-02 7.076599725534840069e-01
-3.214882061999981694e-02 7.080021838346761687e-01
-3.201201712799981586e-02 7.083495281955971556e-01
-3.187521363599981478e-02 7.087021128645006884e-01
-3.173841014399981370e-02 7.090600479883818474e-01
-3.160160665199981261e-02 7.094234467320990056e-01
-3.146480315999981153e-02 7.097924253815510731e-01
-3.132799966799981045e-02 7.101671034511225500e-01
-3.119119617599980937e-02 7.105476037956172108e-01
-3.105439268399980829e-02 7.109340527268724896e-01
-3.091758919199980721e-02 7.113265801353038098e-01
-3.078078569999980613e-02 7.117253196166285489e-01
-3.064398220799980505e-02 7.121304086040213255e-01
-3.050717871599980396e-02 7.125419885059780523e-01
-3.037037522399980288e-02 7.129602048501846312e-01
-3.023357173199980180e-02 7.133852074336880511e-01
-3.009676823999980072e-02 7.138171504797197198e-01
-2.995996474799979964e-02 7.142561928014835582e-01
-2.982316125599979856e-02 7.147024979733208605e-01
-2.968635776399979748e-02 7.151562345095988649e-01
-2.954955427199979640e-02 7.156175760517674567e-01
-2.941275077999979531e-02 7.160867015640181021e-01
-2.927594728799979423e-02 7.165637955380034230e-01
-2.913914379599979315e-02 7.170490482071274485e-01
-2.900234030399979207e-02 7.175426557709351227e-01
-2.886553681199979099e-02 7.180448206301437430e-01
-2.872873331999978991e-02 7.185557516329604821e-01
-2.859192982799978883e-02 7.190756643332870679e-01
-2.845512633599978775e-02 7.196047812614968509e-01
-2.831832284399978666e-02 7.201433322085346589e-01
-2.818151935199978558e-02 7.206915545241032728e-01
-2.804471585999978450e-02 7.212496934297562001e-01
-2.790791236799978342e-02 7.218180023478031337e-01
-2.777110887599978234e-02 7.223967432469459160e-01
-2.763430538399978126e-02 7.229861870057081585e-01
-2.749750189199978018e-02 7.235866137946749266e-01
-2.736069839999977910e-02 7.241983134787731702e-01
-2.722389490799977801e-02 7.248215860407893896e-01
-2.708709141599977693e-02 7.254567420274856682e-01
-2.695028792399977585e-02 7.261041030197415980e-01
-2.681348443199977477e-02 7.267640021282560925e-01
-2.667668093999977369e-02 7.274367845164834145e-01
-2.653987744799977261e-02 7.281228079525494667e-01
-2.640307395599977153e-02 7.288224433921055567e-01
-2.626627046399977045e-02 7.295360755941537878e-01
-2.612946697199976936e-02 7.302641037720766226e-01
-2.599266347999976828e-02 7.310069422822849106e-01
-2.585585998799976720e-02 7.317650213530513259e-01
-2.571905649599976612e-02 7.325387878563387467e-01
-2.558225300399976504e-02 7.333287061256733574e-01
-2.544544951199976396e-02 7.341352588232932241e-01
-2.530864601999976288e-02 7.349589478601744608e-01
-2.517184252799976180e-02 7.358002953727416084e-01
-2.503503903599976071e-02 7.366598447604560951e-01
-2.489823554399975963e-02 7.375381617888220331e-01
-2.476143205199975855e-02 7.384358357627486269e-01
-2.462462855999975747e-02 7.393534807756009242e-01
-2.448782506799975639e-02 7.402917370398294228e-01
-2.435102157599975531e-02 7.412512723055404429e-01
-2.421421808399975423e-02 7.422327833739464920e-01
-2.407741459199975315e-02 7.432369977133407302e-01
-2.394061109999975206e-02 7.442646751858799092e-01
-2.380380760799975098e-02 7.453166098943160289e-01
-2.366700411599974990e-02 7.463936321586589484e-01
-2.353020062399974882e-02 7.474966106337401772e-01
-2.339339713199974774e-02 7.486264545797216563e-01
-2.325659363999974666e-02 7.497841162988667651e-01
-2.311979014799974558e-02 7.509705937531212516e-01
-2.298298665599974450e-02 7.521869333786947998e-01
-2.284618316399974342e-02 7.534342331154542105e-01
-2.270937967199974233e-02 7.547136456708309904e-01
-2.257257617999974125e-02 7.560263820401036394e-01
-2.243577268799974017e-02 7.573737153073205608e-01
-2.229896919599973909e-02 7.587569847537734002e-01
-2.216216570399973801e-02 7.601776003040572327e-01
-2.202536221199973693e-02 7.616370473430924548e-01
-2.188855871999973585e-02 7.631368919415372210e-01
-2.175175522799973477e-02 7.646787865312989485e-01
-2.161495173599973368e-02 7.662644760779641073e-01
-2.147814824399973260e-02 7.678958048027579864e-01
-2.134134475199973152e-02 7.695747235131038533e-01
-2.120454125999973044e-02 7.713032976084451819e-01
-2.106773776799972936e-02 7.730837158365965189e-01
-2.093093427599972828e-02 7.749182998857752080e-01
-2.079413078399972720e-02 7.768095149089447871e-01
-2.065732729199972612e-02 7.787599810902733344e-01
-2.052052379999972503e-02 7.807724863788496616e-01
-2.038372030799972395e-02 7.828500005326076705e-01
-2.024691681599972287e-02 7.849956906360856523e-01
-2.011011332399972179e-02 7.872129382800208131e-01
-1.997330983199972071e-02 7.895053586190299288e-01
-1.983650633999971963e-02 7.918768215572589142e-01
-1.969970284799971855e-02 7.943314753511430126e-01
-1.956289935599971747e-02 7.968737729653357915e-01
-1.942609586399971638e-02 7.995085015732572575e-01
-1.928929237199971530e-02 8.022408156600278062e-01
-1.915248887999971422e-02 8.050762742649467674e-01
-1.901568538799971314e-02 8.080208829960451311e-01
-1.887888189599971206e-02 8.110811415645838851e-01
-1.874207840399971098e-02 8.142640977272722624e-01
-1.860527491199970990e-02 8.175774086944674890e-01
-1.846847141999970882e-02 8.210294112717296811e-01
-1.833166792799970773e-02 8.246292022594681193e-01
-1.819486443599970665e-02 8.283867309540171586e-01
-1.805806094399970557e-02 8.323129059918085160e-01
-1.792125745199970449e-02 8.364197192746742893e-01
-1.778445395999970341e-02 8.407203903446750504e-01
-1.764765046799970233e-02 8.452295353739494033e-01
-1.751084697599970125e-02 8.499633659598079261e-01
-1.737404348399970017e-02 8.549399242316214620e-01
-1.723723999199969908e-02 8.601793624956840523e-01
-1.710043649999969800e-02 8.657042778964141316e-01
-1.696363300799969692e-02 8.715401155604556305e-01
-1.682682951599969584e-02 8.777156576916868014e-01
-1.669002602399969476e-02 8.842636215044401560e-01
-1.655322253199969368e-02 8.912213963104274050e-01
-1.641641903999969260e-02 8.986319603902180875e-01
-1.627961554799969152e-02 9.065450328090242094e-01
-1.614281205599969043e-02 9.150185361193385880e-01
-1.600600856399968935e-02 9.241204761317372007e-01
-1.586920507199968827e-02 9.339313897438025203e-01
-1.573240157999968719e-02 9.445475796757619724e-01
-1.559559808799968611e-02 9.560854599713604074e-01
-1.545879459599968503e-02 9.686875029957769945e-01
-1.532199110399968395e-02 9.825305518162528173e-01
-1.518518761199968287e-02 9.978377235134847645e-01
-1.504838411999968179e-02 1.014895940308400579e+00
-1.491158062799968070e-02 1.034082615221710189e+00
-1.477477713599967962e-02 1.055907901719943975e+00
-1.463797364399967854e-02 1.081084854839537090e+00
-1.450117015199967746e-02 1.110653055974325509e+00
-1.436436665999967638e-02 1.146213582163229772e+00
-1.422756316799967530e-02 1.190422916718103297e+00
-1.409075967599967422e-02 1.248189114624791207e+00
-1.395395618399967314e-02 1.330274093601868435e+00
-1.381715269199967205e-02 1.469478170956289409e+00
-1.368034919999967097e-02 2.214297463077566697e+00
-1.354354570799966989e-02 1.539364598447394039e+00
-1.340674221599966881e-02 1.361430724499343548e+00
-1.326993872399966773e-02 1.248026572528275535e+00
-1.313313523199966665e-02 1.167765812009382120e+00
-1.299633173999966557e-02 1.104165310165031944e+00
-1.285952824799966449e-02 1.051175095260806991e+00
-1.272272475599966340e-02 1.005657907627520720e+00
-1.258592126399966232e-02 9.654666093499326696e-01
-1.244911777199966124e-02 9.296166089105172281e-01
-1.231231427999966016e-02 8.971127069399031928e-01
-1.217551078799965908e-02 8.674804258209951602e-01
-1.203870729599965800e-02 8.396706739524044671e-01
-1.190190380399965692e-02 8.143908542133916351e-01
-1.176510031199965584e-02 7.904804213010727665e-01
-1.162829681999965475e-02 7.678834172288622195e-01
-1.149149332799965367e-02 7.461842226237960229e-01
-1.135468983599965259e-02 7.286994690856742896e-01
-1.121788634399965151e-02 7.065704767317495527e-01
-1.108108285199965043e-02 6.890579312189554217e-01
-1.094427935999964935e-02 6.716019460101610994e-01
-1.080747586799964827e-02 6.547618006368223220e-01
-1.067067237599964719e-02 6.387463709714346072e-01
-1.053386888399964610e-02 6.232301204546194517e-01
-1.039706539199964502e-02 6.083865828806701570e-01
-1.026026189999964394e-02 5.940069797065881119e-01
-1.012345840799964286e-02 5.793517977126957375e-01
-9.986654915999641779e-03 5.641039610484683831e-01
-9.849851423999640698e-03 5.534671740509130577e-01
-9.713047931999639617e-03 5.377233209831442373e-01
-9.576244439999638536e-03 5.266573702149417446e-01
-9.439440947999637455e-03 5.165462392324271512e-01
-9.302637455999636373e-03 5.045605661779576367e-01
-9.165833963999635292e-03 4.931121142565590976e-01
-9.029030471999634211e-03 4.821164292254504491e-01
-8.892226979999633130e-03 4.712619165428305057e-01
-8.755423487999632048e-03 4.599185016829208106e-01
-8.618619995999630967e-03 4.482512928438706079e-01
-8.481816503999629886e-03 4.401093092411920704e-01
-8.345013011999628805e-03 4.300620986156926673e-01
-8.208209519999627723e-03 4.205349013538922098e-01
-8.071406027999626642e-03 4.110167226053603184e-01
-7.934602535999625561e-03 4.015630402912702679e-01
-7.797799043999624480e-03 3.923413948974588950e-01
-7.660995551999623399e-03 3.833039349804155949e-01
-7.524192059999622317e-03 3.744622566586167656e-01
-7.387388567999621236e-03 3.656383670124636609e-01
-7.250585075999620155e-03 3.571774715872807482e-01
-7.113781583999619074e-03 3.488609519561181593e-01
-6.976978091999617992e-03 3.406269188301465078e-01
-6.840174599999616911e-03 3.333040379378845453e-01
-6.703371107999615830e-03 3.243013743345323219e-01
-6.566567615999614749e-03 3.163336971865733371e-01
-6.429764123999613668e-03 3.083549428967577999e-01
-6.292960631999612586e-03 3.008131203344515670e-01
-6.156157139999611505e-03 2.954447813250793420e-01
-6.019353647999610424e-03 2.857228219687554249e-01
-5.882550155999609343e-03 2.780894343435053595e-01
-5.745746663999608261e-03 2.709090078515384303e-01
-5.608943171999607180e-03 2.635166999401754029e-01
-5.472139679999606099e-03 2.564612430457000047e-01
-5.335336187999605018e-03 2.564263645468035091e-01
-5.198532695999603936e-03 2.408193051945390906e-01
-5.061729203999602855e-03 2.353483402474209341e-01
-4.924925711999601774e-03 2.287552239438570278e-01
-4.788122219999600693e-03 2.219242104064153009e-01
-4.651318727999599612e-03 2.152669909612308641e-01
-4.514515235999598530e-03 2.084890793771176642e-01
-4.377711743999597449e-03 2.018676705505520197e-01
-4.240908251999596368e-03 1.950617106274999957e-01
-4.104104759999595287e-03 1.888684588830047417e-01
-3.967301267999594205e-03 1.825677039864044560e-01
-3.830497775999593124e-03 1.761812060444734873e-01
-3.693694283999592043e-03 1.697688043537851355e-01
-3.556890791999590962e-03 1.635954855228239080e-01
-3.420087299999589880e-03 1.573534308192990061e-01
-3.283283807999588799e-03 1.512250496306112579e-01
-3.146480315999587718e-03 1.450616976578590900e-01
-3.009676823999586637e-03 1.385245936312109183e-01
-2.872873331999585556e-03 1.276876303125833167e-01
-2.736069839999584474e-03 1.263194055075550770e-01
-2.599266347999583393e-03 1.202801480945294016e-01
-2.462462855999582312e-03 1.148383572200075836e-01
-2.325659363999581231e-03 1.089187725178477478e-01
-2.188855871999580149e-03 1.029703461039871426e-01
-2.052052379999579068e-03 9.702722289795004396e-02
-1.915248887999577987e-03 9.257005263224274416e-02
-1.778445395999576906e-03 8.450735179587623436e-02
-1.641641903999575824e-03 7.923885255749799073e-02
-1.504838411999574743e-03 7.353582306935697865e-02
-1.368034919999573662e-03 6.901806341710629844e-02
-1.231231427999572581e-03 6.250607767896268485e-02
-1.094427935999571500e-03 5.628787226045835201e-02
-9.576244439995704183e-04 5.052948595905521617e-02
-8.208209519995693371e-04 4.485405265020428467e-02
-6.840174599995682558e-04 3.915054774721693498e-02
-5.472139679995671746e-04 3.355972186368816335e-02
-4.104104759995660934e-04 2.775298396862893591e-02
-2.736069839995650121e-04 2.210705597720131685e-02
-1.368034919995639309e-04 1.643526575147814806e-02
4.371503159461553878e-16 1.072289262391536852e-02
1.368034920004382315e-04 1.643526574971541573e-02
2.736069840004393128e-04 2.210705597950464452e-02
4.104104760004403940e-04 2.775298396756166117e-02
5.472139680004414752e-04 3.355972186120761286e-02
6.840174600004425565e-04 3.915054774693568773e-02
8.208209520004436377e-04 4.485405265224515214e-02
9.576244440004447189e-04 5.052948595999135623e-02
1.094427936000445800e-03 5.628787226299055563e-02
1.231231428000446881e-03 6.250607766788157660e-02
1.368034920000447963e-03 6.901806341332011874e-02
1.504838412000449044e-03 7.353582306908532096e-02
1.641641904000450125e-03 7.923885255723993326e-02
1.778445396000451206e-03 8.450735179490956317e-02
1.915248888000452288e-03 9.257005262652191757e-02
2.052052380000453369e-03 9.702722290043731823e-02
2.188855872000454450e-03 1.029703461022172667e-01
2.325659364000455531e-03 1.089187725158162062e-01
2.462462856000456612e-03 1.148383572236822969e-01
2.599266348000457694e-03 1.202801480944341167e-01
2.736069840000458775e-03 1.263194055087098477e-01
2.872873332000459856e-03 1.276876303128944012e-01
3.009676824000460937e-03 1.385245936305312398e-01
3.146480316000462019e-03 1.450616976551011017e-01
3.283283808000463100e-03 1.512250496312083636e-01
3.420087300000464181e-03 1.573534308199812937e-01
3.556890792000465262e-03 1.635954855243478834e-01
3.693694284000466344e-03 1.697688043529297364e-01
3.830497776000467425e-03 1.761812060452236373e-01
3.967301268000468506e-03 1.825677039844916805e-01
4.104104760000469587e-03 1.888684588827608257e-01
4.240908252000470668e-03 1.950617106264675993e-01
4.377711744000471750e-03 2.018676705503357205e-01
4.514515236000472831e-03 2.084890793773079565e-01
4.651318728000473912e-03 2.152669909634886136e-01
4.788122220000474993e-03 2.219242104078984201e-01
4.924925712000476075e-03 2.287552239410721444e-01
5.061729204000477156e-03 2.353483402464432439e-01
5.198532696000478237e-03 2.408193051940968887e-01
5.335336188000479318e-03 2.564263645505504563e-01
5.472139680000480400e-03 2.564612430471270854e-01
5.608943172000481481e-03 2.635166999398063647e-01
5.745746664000482562e-03 2.709090078520489664e-01
5.882550156000483643e-03 2.780894343439500038e-01
6.019353648000484724e-03 2.857228219686546722e-01
6.156157140000485806e-03 2.954447813195043571e-01
6.292960632000486887e-03 3.008131203353173189e-01
6.429764124000487968e-03 3.083549428980986162e-01
6.566567616000489049e-03 3.163336971852458435e-01
6.703371108000490131e-03 3.243013743343118316e-01
6.840174600000491212e-03 3.333040379388614305e-01
6.976978092000492293e-03 3.406269188324188013e-01
7.113781584000493374e-03 3.488609519549567550e-01
7.250585076000494456e-03 3.571774715881356754e-01
7.387388568000495537e-03 3.656383670125362695e-01
7.524192060000496618e-03 3.744622566602060498e-01
7.660995552000497699e-03 3.833039349812163987e-01
7.797799044000498780e-03 3.923413948978158872e-01
7.934602536000499862e-03 4.015630402921038788e-01
8.071406028000500943e-03 4.110167226073417335e-01
8.208209520000502024e-03 4.205349013541643810e-01
8.345013012000503105e-03 4.300620986115160083e-01
8.481816504000504187e-03 4.401093092413112529e-01
8.618619996000505268e-03 4.482512928454777112e-01
8.755423488000506349e-03 4.599185016819963834e-01
8.892226980000507430e-03 4.712619165434816515e-01
9.029030472000508512e-03 4.821164292251021166e-01
9.165833964000509593e-03 4.931121142560951909e-01
9.302637456000510674e-03 5.045605661781188411e-01
9.439440948000511755e-03 5.165462392346855669e-01
9.576244440000512836e-03 5.266573702142244295e-01
9.713047932000513918e-03 5.377233209821444815e-01
9.849851424000514999e-03 5.534671740508739779e-01
9.986654916000516080e-03 5.641039610477509569e-01
1.012345840800051716e-02 5.793517977133892938e-01
1.026026190000051824e-02 5.940069797074034597e-01
1.039706539200051932e-02 6.083865828795764763e-01
1.053386888400052041e-02 6.232301204552371798e-01
1.067067237600052149e-02 6.387463709716196814e-01
1.080747586800052257e-02 6.547618006374659183e-01
1.094427936000052365e-02 6.716019460103942462e-01
1.108108285200052473e-02 6.890579312194897721e-01
1.121788634400052581e-02 7.065704767358461647e-01
1.135468983600052689e-02 7.286994690920283180e-01
1.149149332800052797e-02 7.461842226259881583e-01
1.162829682000052905e-02 7.678834172307896777e-01
1.176510031200053014e-02 7.904804212869640523e-01
1.190190380400053122e-02 8.143908542143886153e-01
1.203870729600053230e-02 8.396706739540279463e-01
1.217551078800053338e-02 8.674804258333822515e-01
1.231231428000053446e-02 8.971127069402334842e-01
1.244911777200053554e-02 9.296166089099747731e-01
1.258592126400053662e-02 9.654666093508528224e-01
1.272272475600053770e-02 1.005657907628996206e+00
1.285952824800053879e-02 1.051175095262200321e+00
1.299633174000053987e-02 1.104165310161268732e+00
1.313313523200054095e-02 1.167765812009630144e+00
1.326993872400054203e-02 1.248026572530172240e+00
1.340674221600054311e-02 1.361430724507019852e+00
1.354354570800054419e-02 1.539364598449658672e+00
1.368034920000054527e-02 2.214297462645522963e+00
1.381715269200054635e-02 1.469478170955024643e+00
1.395395618400054744e-02 1.330274093601221619e+00
1.409075967600054852e-02 1.248189114624361995e+00
1.422756316800054960e-02 1.190422916717784441e+00
1.436436666000055068e-02 1.146213582162978639e+00
1.450117015200055176e-02 1.110653055974119008e+00
1.463797364400055284e-02 1.081084854839364118e+00
1.477477713600055392e-02 1.055907901719795872e+00
1.491158062800055500e-02 1.034082615221580292e+00
1.504838412000055609e-02 1.014895940308284228e+00
1.518518761200055717e-02 9.978377235133819578e-01
1.532199110400055825e-02 9.825305518161601137e-01
1.545879459600055933e-02 9.686875029956932837e-01
1.559559808800056041e-02 9.560854599712844681e-01
1.573240158000056149e-02 9.445475796756912512e-01
1.586920507200056257e-02 9.339313897437376832e-01
1.600600856400056365e-02 9.241204761316773597e-01
1.614281205600056474e-02 9.150185361192814115e-01
1.627961554800056582e-02 9.065450328089710297e-01
1.641641904000056690e-02 8.986319603901692377e-01
1.655322253200056798e-02 8.912213963103824410e-01
1.669002602400056906e-02 8.842636215043971903e-01
1.682682951600057014e-02 8.777156576916458341e-01
1.696363300800057122e-02 8.715401155604169947e-01
1.710043650000057230e-02 8.657042778963782714e-01
1.723723999200057339e-02 8.601793624956500794e-01
1.737404348400057447e-02 8.549399242315884884e-01
1.751084697600057555e-02 8.499633659597766178e-01
1.764765046800057663e-02 8.452295353739189832e-01
1.778445396000057771e-02 8.407203903446474058e-01
1.792125745200057879e-02 8.364197192746483100e-01
1.805806094400057987e-02 8.323129059917828698e-01
1.819486443600058095e-02 8.283867309539929558e-01
1.833166792800058204e-02 8.246292022594442495e-01
1.846847142000058312e-02 8.210294112717083648e-01
1.860527491200058420e-02 8.175774086944443964e-01
1.874207840400058528e-02 8.142640977272500580e-01
1.887888189600058636e-02 8.110811415645647893e-01
1.901568538800058744e-02 8.080208829960269235e-01
1.915248888000058852e-02 8.050762742649274495e-01
1.928929237200058960e-02 8.022408156600095985e-01
1.942609586400059069e-02 7.995085015732399381e-01
1.956289935600059177e-02 7.968737729653201374e-01
1.969970284800059285e-02 7.943314753511261372e-01
1.983650634000059393e-02 7.918768215572440372e-01
1.997330983200059501e-02 7.895053586190169392e-01
2.011011332400059609e-02 7.872129382800053810e-01
2.024691681600059717e-02 7.849956906360716635e-01
2.038372030800059825e-02 7.828500005325936817e-01
2.052052380000059933e-02 7.807724863788377823e-01
2.065732729200060042e-02 7.787599810902600117e-01
2.079413078400060150e-02 7.768095149089327967e-01
2.093093427600060258e-02 7.749182998857634397e-01
2.106773776800060366e-02 7.730837158365854167e-01
2.120454126000060474e-02 7.713032976084323034e-01
2.134134475200060582e-02 7.695747235130918629e-01
2.147814824400060690e-02 7.678958048027464400e-01
2.161495173600060798e-02 7.662644760779548925e-01
2.175175522800060907e-02 7.646787865312888455e-01
2.188855872000061015e-02 7.631368919415286722e-01
2.202536221200061123e-02 7.616370473430826848e-01
2.216216570400061231e-02 7.601776003040481289e-01
2.229896919600061339e-02 7.587569847537647405e-01
2.243577268800061447e-02 7.573737153073114570e-01
2.257257618000061555e-02 7.560263820400942025e-01
2.270937967200061663e-02 7.547136456708227747e-01
2.284618316400061772e-02 7.534342331154467720e-01
2.298298665600061880e-02 7.521869333786864731e-01
2.311979014800061988e-02 7.509705937531141462e-01
2.325659364000062096e-02 7.497841162988604369e-01
2.339339713200062204e-02 7.486264545797148839e-01
2.353020062400062312e-02 7.474966106337318505e-01
2.366700411600062420e-02 7.463936321586531752e-01
2.380380760800062528e-02 7.453166098943108109e-01
2.394061110000062637e-02 7.442646751858732479e-01
2.407741459200062745e-02 7.432369977133345129e-01
2.421421808400062853e-02 7.422327833739399416e-01
2.435102157600062961e-02 7.412512723055344477e-01
2.448782506800063069e-02 7.402917370398236496e-01
2.462462856000063177e-02 7.393534807755938187e-01
2.476143205200063285e-02 7.384358357627440750e-01
2.489823554400063393e-02 7.375381617888161490e-01
2.503503903600063502e-02 7.366598447604502109e-01
2.517184252800063610e-02 7.358002953727366124e-01
2.530864602000063718e-02 7.349589478601701309e-01
2.544544951200063826e-02 7.341352588232880061e-01
2.558225300400063934e-02 7.333287061256676953e-01
2.571905649600064042e-02 7.325387878563334176e-01
2.585585998800064150e-02 7.317650213530454417e-01
2.599266348000064258e-02 7.310069422822805807e-01
2.612946697200064367e-02 7.302641037720714046e-01
2.626627046400064475e-02 7.295360755941482367e-01
2.640307395600064583e-02 7.288224433921011158e-01
2.653987744800064691e-02 7.281228079525444707e-01
2.667668094000064799e-02 7.274367845164795288e-01
2.681348443200064907e-02 7.267640021282522067e-01
2.695028792400065015e-02 7.261041030197381563e-01
2.708709141600065123e-02 7.254567420274821155e-01
2.722389490800065232e-02 7.248215860407848377e-01
2.736069840000065340e-02 7.241983134787699505e-01
2.749750189200065448e-02 7.235866137946710408e-01
2.763430538400065556e-02 7.229861870057049389e-01
2.777110887600065664e-02 7.223967432469429184e-01
2.790791236800065772e-02 7.218180023477992480e-01
2.804471586000065880e-02 7.212496934297533135e-01
2.818151935200065988e-02 7.206915545240992760e-01
2.831832284400066096e-02 7.201433322085302180e-01
2.845512633600066205e-02 7.196047812614942973e-01
2.859192982800066313e-02 7.190756643332844034e-01
2.872873332000066421e-02 7.185557516329573735e-01
2.886553681200066529e-02 7.180448206301395242e-01
2.900234030400066637e-02 7.175426557709321251e-01
2.913914379600066745e-02 7.170490482071245619e-01
2.927594728800066853e-02 7.165637955380002033e-01
2.941275078000066961e-02 7.160867015640152156e-01
2.954955427200067070e-02 7.156175760517647921e-01
2.968635776400067178e-02 7.151562345095967554e-01
2.982316125600067286e-02 7.147024979733175298e-01
2.995996474800067394e-02 7.142561928014804495e-01
3.009676824000067502e-02 7.138171504797166111e-01
3.023357173200067610e-02 7.133852074336857196e-01
3.037037522400067718e-02 7.129602048501817446e-01
3.050717871600067826e-02 7.125419885059746106e-01
3.064398220800067935e-02 7.121304086040187720e-01
3.078078570000068043e-02 7.117253196166261064e-01
3.091758919200068151e-02 7.113265801353009232e-01
3.105439268400068259e-02 7.109340527268704912e-01
3.119119617600068367e-02 7.105476037956141022e-01
3.132799966800068475e-02 7.101671034511193303e-01
3.146480316000068583e-02 7.097924253815490747e-01
3.160160665200068691e-02 7.094234467320972293e-01
3.173841014400068800e-02 7.090600479883800711e-01
3.187521363600068908e-02 7.087021128644980239e-01
3.201201712800069016e-02 7.083495281955958234e-01
3.214882062000069124e-02 7.080021838346730600e-01
3.228562411200069232e-02 7.076599725534816754e-01
3.242242760400069340e-02 7.073227899472798175e-01
3.255923109600069448e-02 7.069905343433255940e-01
3.269603458800069556e-02 7.066631067128709143e-01
3.283283808000069665e-02 7.063404105865714877e-01
3.296964157200069773e-02 7.060223519730867148e-01
3.310644506400069881e-02 7.057088392807994159e-01
3.324324855600069989e-02 7.053997832424574455e-01
3.338005204800070097e-02 7.050950968426433763e-01
3.351685554000070205e-02 7.047946952479497984e-01
3.365365903200070313e-02 7.044984957397160130e-01
3.379046252400070421e-02 7.042064176492499605e-01
3.392726601600070530e-02 7.039183822954084846e-01
3.406406950800070638e-02 7.036343129244303496e-01
3.420087300000070746e-02 7.033541346519545101e-01
3.433767649200070854e-02 7.030777744071088353e-01
3.447447998400070962e-02 7.028051608785836901e-01
3.461128347600071070e-02 7.025362244626148778e-01
3.474808696800071178e-02 7.022708972128054450e-01
3.488489046000071286e-02 7.020091127916934237e-01
3.502169395200071395e-02 7.017508064240041143e-01
3.515849744400071503e-02 7.014959148515236276e-01
3.529530093600071611e-02 7.012443762895145261e-01
3.543210442800071719e-02 7.009961303846261593e-01
3.556890792000071827e-02 7.007511181742376305e-01
3.570571141200071935e-02 7.005092820471576776e-01
3.584251490400072043e-02 7.002705657056761401e-01
3.597931839600072151e-02 7.000349141288414456e-01
3.611612188800072260e-02 6.998022735369907599e-01
3.625292538000072368e-02 6.995725913574362131e-01
3.638972887200072476e-02 6.993458161912841087e-01
3.652653236400072584e-02 6.991218977813342672e-01
3.666333585600072692e-02 6.989007869810183182e-01
3.680013934800072800e-02 6.986824357243536232e-01
3.693694284000072908e-02 6.984667969968564316e-01
3.707374633200073016e-02 6.982538248073700826e-01
3.721054982400073124e-02 6.980434741608206872e-01
3.734735331600073233e-02 6.978357010318085862e-01
3.748415680800073341e-02 6.976304623390379156e-01
3.762096030000073449e-02 6.974277159205486409e-01
3.775776379200073557e-02 6.972274205097206412e-01
3.789456728400073665e-02 6.970295357120129820e-01
3.803137077600073773e-02 6.968340219824343817e-01
3.816817426800073881e-02 6.966408406036928014e-01
3.830497776000073989e-02 6.964499536650109457e-01
3.844178125200074098e-02 6.962613240415946869e-01
3.857858474400074206e-02 6.960749153747147755e-01
3.871538823600074314e-02 6.958906920523868500e-01
3.885219172800074422e-02 6.957086191906272088e-01
3.898899522000074530e-02 6.955286626152763496e-01
3.912579871200074638e-02 6.953507888443509755e-01
3.926260220400074746e-02 6.951749650709194706e-01
3.939940569600074854e-02 6.950011591464777538e-01
3.953620918800074963e-02 6.948293395648124093e-01
3.967301268000075071e-02 6.946594754463373267e-01
3.980981617200075179e-02 6.944915365228691018e-01
3.994661966400075287e-02 6.943254931228526328e-01
4.008342315600075395e-02 6.941613161570092672e-01
4.022022664800075503e-02 6.939989771043837408e-01
4.035703014000075611e-02 6.938384479988090048e-01
4.049383363200075719e-02 6.936797014157194408e-01
4.063063712400075828e-02 6.935227104593665315e-01
4.076744061600075936e-02 6.933674487503729278e-01
4.090424410800076044e-02 6.932138904136485591e-01
4.104104760000076152e-02 6.930620100666253780e-01
4.117785109200076260e-02 6.929117828078231733e-01
4.131465458400076368e-02 6.927631842057363487e-01
4.145145807600076476e-02 6.926161902880202392e-01
4.158826156800076584e-02 6.924707775309640878e-01
4.172506506000076693e-02 6.923269228492618943e-01
4.186186855200076801e-02 6.921846035860520496e-01
4.199867204400076909e-02 6.920437975032249778e-01
4.213547553600077017e-02 6.919044827719954549e-01
4.227227902800077125e-02 6.917666379637211760e-01
4.240908252000077233e-02 6.916302420409645713e-01
4.254588601200077341e-02 6.914952743487869924e-01
4.268268950400077449e-02 6.913617146062943641e-01
4.281949299600077558e-02 6.912295428983671330e-01
4.295629648800077666e-02 6.910987396676386840e-01
4.309309998000077774e-02 6.909692857066630500e-01
4.322990347200077882e-02 6.908411621502966726e-01
4.336670696400077990e-02 6.907143504682633495e-01
4.350351045600078098e-02 6.905888324579262383e-01
4.364031394800078206e-02 6.904645902372342769e-01
4.377711744000078314e-02 6.903416062378437967e-01
4.391392093200078423e-02 6.902198631984277633e-01
4.405072442400078531e-02 6.900993441581351195e-01
4.418752791600078639e-02 6.899800324502476379e-01
4.432433140800078747e-02 6.898619116959483488e-01
4.446113490000078855e-02 6.897449657982862581e-01
4.459793839200078963e-02 6.896291789362745117e-01
4.473474188400079071e-02 6.895145355591252301e-01
4.487154537600079179e-02 6.894010203806519854e-01
4.500834886800079288e-02 6.892886183737805261e-01
4.514515236000079396e-02 6.891773147652130449e-01
4.528195585200079504e-02 6.890670950302175690e-01
4.541875934400079612e-02 6.889579448875439160e-01
4.555556283600079720e-02 6.888498502944523372e-01
4.569236632800079828e-02 6.887427974418844911e-01
4.582916982000079936e-02 6.886367727497229030e-01
4.596597331200080044e-02 6.885317628621894226e-01
4.610277680400080152e-02 6.884277546433336115e-01
4.623958029600080261e-02 6.883247351726340391e-01
4.637638378800080369e-02 6.882226917407096023e-01
4.651318728000080477e-02 6.881216118451264352e-01
4.664999077200080585e-02 6.880214831863020741e-01
4.678679426400080693e-02 6.879222936635027708e-01
4.692359775600080801e-02 6.878240313709478304e-01
4.706040124800080909e-02 6.877266845939836726e-01
4.719720474000081017e-02 6.876302418053649168e-01
4.733400823200081126e-02 6.875346916616084103e-01
4.747081172400081234e-02 6.874400229994360734e-01
4.760761521600081342e-02 6.873462248323006785e-01
4.774441870800081450e-02 6.872532863469847930e-01
4.788122220000081558e-02 6.871611969002843212e-01
4.801802569200081666e-02 6.870699460157554395e-01
4.815482918400081774e-02 6.869795233805576773e-01
4.829163267600081882e-02 6.868899188423327473e-01
4.842843616800081991e-02 6.868011224061880693e-01
4.856523966000082099e-02 6.867131242317274786e-01
4.870204315200082207e-02 6.866259146301478822e-01
4.883884664400082315e-02 6.865394840614115202e-01
4.897565013600082423e-02 6.864538231314766259e-01
4.911245362800082531e-02 6.863689225895732715e-01
4.924925712000082639e-02 6.862847733255652560e-01
4.938606061200082747e-02 6.862013663673496300e-01
4.952286410400082856e-02 6.861186928783205019e-01
4.965966759600082964e-02 6.860367441548875789e-01
4.979647108800083072e-02 6.859555116240435568e-01
4.993327458000083180e-02 6.858749868409922401e-01
5.007007807200083288e-02 6.857951614868204038e-01
5.020688156400083396e-02 6.857160273662248340e-01
5.034368505600083504e-02 6.856375764052787813e-01
5.048048854800083612e-02 6.855598006492544805e-01
5.061729204000083721e-02 6.854826922604962958e-01
5.075409553200083829e-02 6.854062435163199574e-01
5.089089902400083937e-02 6.853304468069737476e-01
5.102770251600084045e-02 6.852552946336400996e-01
5.116450600800084153e-02 6.851807796064645073e-01
5.130130950000084261e-02 6.851068944426450535e-01
5.143811299200084369e-02 6.850336319645489169e-01
5.157491648400084477e-02 6.849609850978723991e-01
5.171171997600084586e-02 6.848889468698367011e-01
5.184852346800084694e-02 6.848175104074268882e-01
5.198532696000084802e-02 6.847466689356515035e-01
5.212213045200084910e-02 6.846764157758601366e-01
5.225893394400085018e-02 6.846067443440759792e-01
5.239573743600085126e-02 6.845376481493747889e-01
5.253254092800085234e-02 6.844691207922826148e-01
5.266934442000085342e-02 6.844011559632251496e-01
5.280614791200085451e-02 6.843337474409926235e-01
5.294295140400085559e-02 6.842668890912378954e-01
5.307975489600085667e-02 6.842005748650142882e-01
5.321655838800085775e-02 6.841347987973307454e-01
5.335336188000085883e-02 6.840695550057357410e-01
5.349016537200085991e-02 6.840048376889489301e-01
5.362696886400086099e-02 6.839406411254863594e-01
5.376377235600086207e-02 6.838769596723418553e-01
5.390057584800086316e-02 6.838137877636862871e-01
5.403737934000086424e-02 6.837511199095785974e-01
5.417418283200086532e-02 6.836889506947206874e-01
5.431098632400086640e-02 6.836272747772260683e-01
5.444778981600086748e-02 6.835660868874173790e-01
5.458459330800086856e-02 6.835053818266401127e-01
