0.000000000000000000e+00 1.000000000000000000e+00 6.000000000000000000e+00
-5.472139679999999534e-02 5.179444596140801993e-01 5.168429224837935987e-01
-5.458459330799999426e-02 5.180434781796485755e-01 5.169353171514649015e-01
-5.444778981599999318e-02 5.181433466243522412e-01 5.170284984612779633e-01
-5.431098632399999210e-02 5.182440750329327939e-01 5.171224756524358535e-01
-5.417418283199999102e-02 5.183456736451054203e-01 5.172172581043865680e-01
-5.403737933999998994e-02 5.184481528585140886e-01 5.173128553394615858e-01
-5.390057584799998885e-02 5.185515232317576828e-01 5.174092770255734886e-01
-5.376377235599998777e-02 5.186557954874827514e-01 5.175065329789745316e-01
-5.362696886399998669e-02 5.187609805155496412e-01 5.176046331670791645e-01
-5.349016537199998561e-02 5.188670893762725722e-01 5.177035877113490558e-01
-5.335336187999998453e-02 5.189741333037343196e-01 5.178034068902470644e-01
-5.321655838799998345e-02 5.190821237091788332e-01 5.179041011422574892e-01
-5.307975489599998237e-02 5.191910721844847920e-01 5.180056810689767088e-01
-5.294295140399998129e-02 5.193009905057194286e-01 5.181081574382758737e-01
-5.280614791199998020e-02 5.194118906367788391e-01 5.182115411875377609e-01
-5.266934441999997912e-02 5.195237847331125591e-01 5.183158434269686810e-01
-5.253254092799997804e-02 5.196366851455401781e-01 5.184210754429886547e-01
-5.239573743599997696e-02 5.197506044241572143e-01 5.185272487017024146e-01
-5.225893394399997588e-02 5.198655553223363590e-01 5.186343748524516739e-01
-5.212213045199997480e-02 5.199815508008256426e-01 5.187424657314527732e-01
-5.198532695999997372e-02 5.200986040319464099e-01 5.188515333655211448e-01
-5.184852346799997264e-02 5.202167284038939910e-01 5.189615899758845963e-01
-5.171171997599997155e-02 5.203359375251426222e-01 5.190726479820908512e-01
-5.157491648399997047e-02 5.204562452289617225e-01 5.191847200060062395e-01
-5.143811299199996939e-02 5.205776655780408602e-01 5.192978188759147518e-01
-5.130130949999996831e-02 5.207002128692322929e-01 5.194119576307159036e-01
-5.116450600799996723e-02 5.208239016384104136e-01 5.195271495242252957e-01
-5.102770251599996615e-02 5.209487466654536547e-01 5.196434080295823099e-01
-5.089089902399996507e-02 5.210747629793520685e-01 5.197607468437656086e-01
-5.075409553199996399e-02 5.212019658634438057e-01 5.198791798922218765e-01
-5.061729203999996290e-02 5.213303708607849307e-01 5.199987213336092484e-01
-5.048048854799996182e-02 5.214599937796570162e-01 5.201193855646608633e-01
-5.034368505599996074e-02 5.215908506992141813e-01 5.202411872251694325e-01
-5.020688156399995966e-02 5.217229579752783453e-01 5.203641412030983737e-01
-5.007007807199995858e-02 5.218563322462820286e-01 5.204882626398242840e-01
-4.993327457999995750e-02 5.219909904393673639e-01 5.206135669355105300e-01
-4.979647108799995642e-02 5.221269497766426460e-01 5.207400697546210599e-01
-4.965966759599995534e-02 5.222642277816067491e-01 5.208677870315744363e-01
-4.952286410399995426e-02 5.224028422857378562e-01 5.209967349765454170e-01
-4.938606061199995317e-02 5.225428114352612674e-01 5.211269300814160843e-01
-4.924925711999995209e-02 5.226841536980949554e-01 5.212583891258832924e-01
-4.911245362799995101e-02 5.228268878709814160e-01 5.213911291837264317e-01
-4.897565013599994993e-02 5.229710330868114765e-01 5.215251676292389504e-01
-4.883884664399994885e-02 5.231166088221462784e-01 5.216605221438311846e-01
-4.870204315199994777e-02 5.232636349049412106e-01 5.217972107228097123e-01
-4.856523965999994669e-02 5.234121315224841142e-01 5.219352516823350108e-01
-4.842843616799994561e-02 5.235621192295477622e-01 5.220746636665694052e-01
-4.829163267599994452e-02 5.237136189567676015e-01 5.222154656550147545e-01
-4.815482918399994344e-02 5.238666520192534204e-01 5.223576769700508660e-01
-4.801802569199994236e-02 5.240212401254371599e-01 5.225013172846789677e-01
-4.788122219999994128e-02 5.241774053861706362e-01 5.226464066304764566e-01
-4.774441870799994020e-02 5.243351703240776152e-01 5.227929654057710263e-01
-4.760761521599993912e-02 5.244945578831698985e-01 5.229410143840400593e-01
-4.747081172399993804e-02 5.246555914387376340e-01 5.230905747225444991e-01
-4.733400823199993696e-02 5.248182948075195142e-01 5.232416679712023067e-01
-4.719720473999993587e-02 5.249826922581660726e-01 5.233943160817112750e-01
-4.706040124799993479e-02 5.251488085220040736e-01 5.235485414169299689e-01
-4.692359775599993371e-02 5.253166688041138732e-01 5.237043667605230102e-01
-4.678679426399993263e-02 5.254862987947263031e-01 5.238618153268822519e-01
-4.664999077199993155e-02 5.256577246809571724e-01 5.240209107713307279e-01
-4.651318727999993047e-02 5.258309731588834968e-01 5.241816772006216985e-01
-4.637638378799992939e-02 5.260060714459806608e-01 5.243441391837401211e-01
-4.623958029599992831e-02 5.261830472939251768e-01 5.245083217630185368e-01
-4.610277680399992722e-02 5.263619290017856889e-01 5.246742504655781403e-01
-4.596597331199992614e-02 5.265427454296051080e-01 5.248419513151053595e-01
-4.582916981999992506e-02 5.267255260123983041e-01 5.250114508439769345e-01
-4.569236632799992398e-02 5.269103007745714606e-01 5.251827761057449306e-01
-4.555556283599992290e-02 5.270971003447861847e-01 5.253559546879933428e-01
-4.541875934399992182e-02 5.272859559712765876e-01 5.255310147255826125e-01
-4.528195585199992074e-02 5.274768995376434289e-01 5.257079849142920480e-01
-4.514515235999991966e-02 5.276699635791373133e-01 5.258868945248773574e-01
-4.500834886799991857e-02 5.278651812994519243e-01 5.260677734175567277e-01
-4.487154537599991749e-02 5.280625865880456127e-01 5.262506520569411039e-01
-4.473474188399991641e-02 5.282622140380103248e-01 5.264355615274255440e-01
-4.459793839199991533e-02 5.284640989645098541e-01 5.266225335490583026e-01
-4.446113489999991425e-02 5.286682774238078419e-01 5.268116004939042973e-01
-4.432433140799991317e-02 5.288747862329088445e-01 5.270027954029231632e-01
-4.418752791599991209e-02 5.290836629898355570e-01 5.271961520033794368e-01
-4.405072442399991101e-02 5.292949460945655105e-01 5.273917047268047442e-01
-4.391392093199990992e-02 5.295086747706566621e-01 5.275894887275356382e-01
-4.377711743999990884e-02 5.297248890875839722e-01 5.277895399018447398e-01
-4.364031394799990776e-02 5.299436299838182762e-01 5.279918949076913837e-01
-4.350351045599990668e-02 5.301649392906753189e-01 5.281965911851124185e-01
-4.336670696399990560e-02 5.303888597569663688e-01 5.284036669772832484e-01
-4.322990347199990452e-02 5.306154350744826109e-01 5.286131613522667694e-01
-4.309309997999990344e-02 5.308447099043455131e-01 5.288251142254866144e-01
-4.295629648799990236e-02 5.310767299042602474e-01 5.290395663829455808e-01
-4.281949299599990127e-02 5.313115417567079168e-01 5.292565595052245442e-01
-4.268268950399990019e-02 5.315491931981162210e-01 5.294761361922870613e-01
-4.254588601199989911e-02 5.317897330490464203e-01 5.296983399891290745e-01
-4.240908251999989803e-02 5.320332112454438933e-01 5.299232154123016958e-01
-4.227227902799989695e-02 5.322796788709918125e-01 5.301508079773464832e-01
-4.213547553599989587e-02 5.325291881906171199e-01 5.303811642271777371e-01
-4.199867204399989479e-02 5.327817926851984298e-01 5.306143317614550048e-01
-4.186186855199989371e-02 5.330375470875250432e-01 5.308503592669812088e-01
-4.172506505999989262e-02 5.332965074195643584e-01 5.310892965491752493e-01
-4.158826156799989154e-02 5.335587310310901943e-01 5.313311945646596035e-01
-4.145145807599989046e-02 5.338242766397369721e-01 5.315761054550123266e-01
-4.131465458399988938e-02 5.340932043725368228e-01 5.318240825817334150e-01
-4.117785109199988830e-02 5.343655758090102292e-01 5.320751805624780451e-01
-4.104104759999988722e-02 5.346414540258783710e-01 5.323294553086072023e-01
-4.090424410799988614e-02 5.349209036434672271e-01 5.325869640641209823e-01
-4.076744061599988506e-02 5.352039908738848162e-01 5.328477654460269664e-01
-4.063063712399988398e-02 5.354907835710508435e-01 5.331119194862139476e-01
-4.049383363199988289e-02 5.357813512826619107e-01 5.333794876748927383e-01
-4.035703013999988181e-02 5.360757653041862136e-01 5.336505330056781071e-01
-4.022022664799988073e-02 5.363740987349794320e-01 5.339251200223831262e-01
-4.008342315599987965e-02 5.366764265366235076e-01 5.342033148676074150e-01
-3.994661966399987857e-02 5.369828255935928940e-01 5.344851853331964442e-01
-3.980981617199987749e-02 5.372933747763615209e-01 5.347708009126639350e-01
-3.967301267999987641e-02 5.376081550070659354e-01 5.350602328556645082e-01
-3.953620918799987533e-02 5.379272493278501877e-01 5.353535542246147250e-01
-3.939940569599987424e-02 5.382507429720252423e-01 5.356508399535638842e-01
-3.926260220399987316e-02 5.385787234381803623e-01 5.359521669094210461e-01
-3.912579871199987208e-02 5.389112805673931250e-01 5.362576139556524124e-01
-3.898899521999987100e-02 5.392485066236971658e-01 5.365672620185678587e-01
-3.885219172799986992e-02 5.395904963779685204e-01 5.368811941563238488e-01
-3.871538823599986884e-02 5.399373471954093118e-01 5.371994956307739599e-01
-3.857858474399986776e-02 5.402891591268115246e-01 5.375222539823116819e-01
-3.844178125199986668e-02 5.406460350037990414e-01 5.378495591078529259e-01
-3.830497775999986559e-02 5.410080805382558866e-01 5.381815033421166738e-01
-3.816817426799986451e-02 5.413754044261633869e-01 5.385181815423709661e-01
-3.803137077599986343e-02 5.417481184560793972e-01 5.388596911768241959e-01
-3.789456728399986235e-02 5.421263376225138320e-01 5.392061324168472281e-01
-3.775776379199986127e-02 5.425101802444610710e-01 5.395576082332274037e-01
-3.762096029999986019e-02 5.428997680893794531e-01 5.399142244966679272e-01
-3.748415680799985911e-02 5.432952265029108441e-01 5.402760900827543455e-01
-3.734735331599985803e-02 5.436966845446705721e-01 5.406433169816319273e-01
-3.721054982399985694e-02 5.441042751304414615e-01 5.410160204126432948e-01
-3.707374633199985586e-02 5.445181351811450021e-01 5.413943189442019799e-01
-3.693694283999985478e-02 5.449384057789724567e-01 5.417783346191853422e-01
-3.680013934799985370e-02 5.453652323310955730e-01 5.421681930861562693e-01
-3.666333585599985262e-02 5.457987647414025423e-01 5.425640237367390650e-01
-3.652653236399985154e-02 5.462391575907310504e-01 5.429659598494973594e-01
-3.638972887199985046e-02 5.466865703261093445e-01 5.433741387406869627e-01
-3.625292537999984938e-02 5.471411674595501040e-01 5.437887019222770180e-01
-3.611612188799984829e-02 5.476031187769792030e-01 5.442097952676682171e-01
-3.597931839599984721e-02 5.480725995579261989e-01 5.446375691855522838e-01
-3.584251490399984613e-02 5.485497908066463424e-01 5.450721788024053271e-01
-3.570571141199984505e-02 5.490348794953961997e-01 5.455137841541258803e-01
-3.556890791999984397e-02 5.495280588206364891e-01 5.459625503873752894e-01
-3.543210442799984289e-02 5.500295284729941336e-01 5.464186479712148659e-01
-3.529530093599984181e-02 5.505394949218817002e-01 5.468822529196727400e-01
-3.515849744399984073e-02 5.510581717157370107e-01 5.473535470259300872e-01
-3.502169395199983964e-02 5.515857797989254241e-01 5.478327181088538111e-01
-3.488489045999983856e-02 5.521225478464254488e-01 5.483199602726704924e-01
-3.474808696799983748e-02 5.526687126175113818e-01 5.488154741806249293e-01
-3.461128347599983640e-02 5.532245193297417041e-01 5.493194673435406461e-01
-3.447447998399983532e-02 5.537902220546710996e-01 5.498321544242615877e-01
-3.433767649199983424e-02 5.543660841368185377e-01 5.503537575590390363e-01
-3.420087299999983316e-02 5.549523786375567536e-01 5.508845066970048387e-01
-3.406406950799983208e-02 5.555493888057227991e-01 5.514246399589705083e-01
-3.392726601599983099e-02 5.561574085769128706e-01 5.519744040168819144e-01
-3.379046252399982991e-02 5.567767431035852699e-01 5.525340544953798450e-01
-3.365365903199982883e-02 5.574077093182915332e-01 5.531038563970285260e-01
-3.351685553999982775e-02 5.580506365325552665e-01 5.536840845529079624e-01
-3.338005204799982667e-02 5.587058670741550381e-01 5.542750241004096301e-01
-3.324324855599982559e-02 5.593737569658085995e-01 5.548769709902366953e-01
-3.310644506399982451e-02 5.600546766485480221e-01 5.554902325247759176e-01
-3.296964157199982343e-02 5.607490117533713292e-01 5.561151279302110062e-01
-3.283283807999982234e-02 5.614571639251140223e-01 5.567519889649485965e-01
-3.269603458799982126e-02 5.621795517028520539e-01 5.574011605671682634e-01
-3.255923109599982018e-02 5.629166114615832273e-01 5.580630015445637859e-01
-3.242242760399981910e-02 5.636687984204026280e-01 5.587378853096282016e-01
-3.228562411199981802e-02 5.644365877229170492e-01 5.594262006641521623e-01
-3.214882061999981694e-02 5.652204755962391136e-01 5.601283526369573718e-01
-3.201201712799981586e-02 5.660209805955573881e-01 5.608447633792799092e-01
-3.187521363599981478e-02 5.668386449420336204e-01 5.615758731226453415e-01
-3.173841014399981370e-02 5.676740359625994659e-01 5.623221412045771306e-01
-3.160160665199981261e-02 5.685277476411865205e-01 5.630840471680044201e-01
-3.146480315999981153e-02 5.694004022919643138e-01 5.638620919408592336e-01
-3.132799966799981045e-02 5.702926523663826019e-01 5.646567991030166933e-01
-3.119119617599980937e-02 5.712051824071621153e-01 5.654687162485075858e-01
-3.105439268399980829e-02 5.721387111639406609e-01 5.662984164517804730e-01
-3.091758919199980721e-02 5.730939938869632488e-01 5.671464998477622199e-01
-3.078078569999980613e-02 5.740718248174250249e-01 5.680135953365533785e-01
-3.064398220799980505e-02 5.750730398950333333e-01 5.689003624248278879e-01
-3.050717871599980396e-02 5.760985197062181706e-01 5.698074932174070906e-01
-3.037037522399980288e-02 5.771491926995340194e-01 5.707357145740559190e-01
-3.023357173199980180e-02 5.782260386978412825e-01 5.716857904483646502e-01
-3.009676823999980072e-02 5.793300927413344015e-01 5.726585244276399811e-01
-2.995996474799979964e-02 5.804624492998420315e-01 5.736547624950156798e-01
-2.982316125599979856e-02 5.816242668982971598e-01 5.746753960379019643e-01
-2.968635776399979748e-02 5.828167732055412609e-01 5.757213651296537726e-01
-2.954955427199979640e-02 5.840412706439490620e-01 5.767936621151448229e-01
-2.941275077999979531e-02 5.852991425859548347e-01 5.778933355351739687e-01
-2.927594728799979423e-02 5.865918602136588333e-01 5.790214944289353571e-01
-2.913914379599979315e-02 5.879209901296207352e-01 5.801793130598449366e-01
-2.900234030399979207e-02 5.892882028210679746e-01 5.813680361161568388e-01
-2.886553681199979099e-02 5.906952820965611917e-01 5.825889844454584798e-01
-2.872873331999978991e-02 5.921441356342170836e-01 5.838435613909560562e-01
-2.859192982799978883e-02 5.936368068046660174e-01 5.851332598078853309e-01
-2.845512633599978775e-02 5.951754879609355564e-01 5.864596698506585604e-01
-2.831832284399978666e-02 5.967625354225521983e-01 5.878244876359401960e-01
-2.818151935199978558e-02 5.984004864239060861e-01 5.892295249041697991e-01
-2.804471585999978450e-02 6.000920783491757726e-01 5.906767198227688143e-01
-2.790791236799978342e-02 6.018402706404296643e-01 5.921681490991203001e-01
-2.777110887599978234e-02 6.036482698450758022e-01 5.937060416013690833e-01
-2.763430538399978126e-02 6.055195583679254812e-01 5.952927937213919884e-01
-2.749750189199978018e-02 6.074579276173422970e-01 5.969309867584611240e-01
-2.736069839999977910e-02 6.094675163917645522e-01 5.986234066561989531e-01
-2.722389490799977801e-02 6.115528555523777055e-01 6.003730664919838533e-01
-2.708709141599977693e-02 6.137189202835412472e-01 6.021832322003576321e-01
-2.695028792399977585e-02 6.159711915735203158e-01 6.040574521146735432e-01
-2.681348443199977477e-02 6.183157289801752832e-01 6.059995910399991192e-01
-2.667668093999977369e-02 6.207592573172191486e-01 6.080138697330053077e-01
-2.653987744799977261e-02 6.233092706478023937e-01 6.101049108716869451e-01
-2.640307395599977153e-02 6.259741580271150907e-01 6.122777928635884104e-01
-2.626627046399977045e-02 6.287633567756023556e-01 6.145381131853331347e-01
-2.612946697199976936e-02 6.316875410792426315e-01 6.168920633959675826e-01
-2.599266347999976828e-02 6.347588563813476581e-01 6.193465185602434753e-01
-2.585585998799976720e-02 6.379912139628102219e-01 6.219091446125835088e-01
-2.571905649599976612e-02 6.414006657854989246e-01 6.245885282425033269e-01
-2.558225300399976504e-02 6.450058881334346239e-01 6.273943354138182826e-01
-2.544544951199976396e-02 6.488288154638615080e-01 6.303375065218920215e-01
-2.530864601999976288e-02 6.528954860026912055e-01 6.334304992224688569e-01
-2.517184252799976180e-02 6.572371930090398218e-01 6.366875939221062763e-01
-2.503503903599976071e-02 6.618920895785399550e-01 6.401252829632293473e-01
-2.489823554399975963e-02 6.669074883255140529e-01 6.437627734200965790e-01
-2.476143205199975855e-02 6.723432669658884198e-01 6.476226470040081784e-01
-2.462462855999975747e-02 6.782771165105279110e-01 6.517317418417234443e-01
-2.448782506799975639e-02 6.848130379318740912e-01 6.561223552057899866e-01
-2.435102157599975531e-02 6.920959903834438265e-01 6.608339235862573657e-01
-2.421421808399975423e-02 7.003393360740990392e-01 6.659154361198904581e-01
-2.407741459199975315e-02 7.098826040029597717e-01 6.714290189427035704e-01
-2.394061109999975206e-02 7.213366202213417067e-01 6.774554780988852887e-01
-2.380380760799975098e-02 7.360843062568337425e-01 6.841033119250622407e-01
-2.366700411599974990e-02 7.619919861610043865e-01 6.915243336562482135e-01
-2.353020062399974882e-02 7.833441598293777730e-01 6.999431565389355736e-01
-2.339339713199974774e-02 7.928585932446584605e-01 7.097199014855297694e-01
-2.325659363999974666e-02 7.978211672907783436e-01 7.215103827244460089e-01
-2.311979014799974558e-02 8.001125568390936582e-01 7.368376464454224894e-01
-2.298298665599974450e-02 8.006510740819351435e-01 7.647849694948949395e-01
-2.284618316399974342e-02 7.999684188141319430e-01 7.846208883187567595e-01
-2.270937967199974233e-02 7.984045574214948537e-01 7.937104351926083101e-01
-2.257257617999974125e-02 7.961882961392515723e-01 7.983367889032861875e-01
-2.243577268799974017e-02 7.934796143182085704e-01 8.003294255697713799e-01
-2.229896919599973909e-02 7.903986405096063983e-01 8.005918483794816076e-01
-2.216216570399973801e-02 7.870279588202404586e-01 7.996520509214734007e-01
-2.202536221199973693e-02 7.834341483845596033e-01 7.978468393516586765e-01
-2.188855871999973585e-02 7.796605382612209478e-01 7.954032586457689957e-01
-2.175175522799973477e-02 7.757662609633757533e-01 7.924814272593481146e-01
-2.161495173599973368e-02 7.717607970586540800e-01 7.891959819469540616e-01
-2.147814824399973260e-02 7.676841217680651086e-01 7.856326906470152416e-01
-2.134134475199973152e-02 7.635305165595431820e-01 7.818551738707131271e-01
-2.120454125999973044e-02 7.593400128128996451e-01 7.779123221834688406e-01
-2.106773776799972936e-02 7.551168518539511654e-01 7.738431218277617152e-01
-2.093093427599972828e-02 7.508726314116016542e-01 7.696769590786963766e-01
-2.079413078399972720e-02 7.466114505708226767e-01 7.654363393545571270e-01
-2.065732729199972612e-02 7.423443379958347688e-01 7.611427211639081314e-01
-2.052052379999972503e-02 7.380755582615240451e-01 7.568092410591289454e-01
-2.038372030799972395e-02 7.338087740407348569e-01 7.524460683323426213e-01
-2.024691681599972287e-02 7.295480483166641994e-01 7.480657361682652162e-01
-2.011011332399972179e-02 7.252967110028960551e-01 7.436753027591935794e-01
-1.997330983199972071e-02 7.210569278868497189e-01 7.392768578605725116e-01
-1.983650633999971963e-02 7.168308345961930117e-01 7.348880151225616331e-01
-1.969970284799971855e-02 7.126194670426477806e-01 7.305002773054607434e-01
-1.956289935599971747e-02 7.084263294806054656e-01 7.261224205499242634e-01
-1.942609586399971638e-02 7.042493489524228600e-01 7.217567632208570227e-01
-1.928929237199971530e-02 7.000910029528392142e-01 7.174033296818885796e-01
-1.915248887999971422e-02 6.959518140546079312e-01 7.130647501828077939e-01
-1.901568538799971314e-02 6.918317308105532693e-01 7.087486156417236449e-01
-1.887888189599971206e-02 6.877319150215046584e-01 7.044485019504302947e-01
-1.874207840399971098e-02 6.836520106319208256e-01 7.001676081340162394e-01
-1.860527491199970990e-02 6.795920395004875214e-01 6.959069355868011675e-01
-1.846847141999970882e-02 6.755512982782112541e-01 6.916666447793784478e-01
-1.833166792799970773e-02 6.715336247705093742e-01 6.874476362433930010e-01
-1.819486443599970665e-02 6.675331404607683927e-01 6.832492721624214838e-01
-1.805806094399970557e-02 6.635534633264902338e-01 6.790728952998067447e-01
-1.792125745199970449e-02 6.595929101113614523e-01 6.749176927449334062e-01
-1.778445395999970341e-02 6.556533811595074424e-01 6.707799864278576329e-01
-1.764765046799970233e-02 6.517324676630203983e-01 6.666709271747870424e-01
-1.751084697599970125e-02 6.478307614921633428e-01 6.625795269058406545e-01
-1.737404348399970017e-02 6.439481168248378795e-01 6.585076983616066082e-01
-1.723723999199969908e-02 6.400830300416194829e-01 6.544589505163455057e-01
-1.710043649999969800e-02 6.362373286918259208e-01 6.504307406097716848e-01
-1.696363300799969692e-02 6.324194239253663197e-01 6.464193927605109691e-01
-1.682682951599969584e-02 6.286697335776501028e-01 6.424298870908369263e-01
-1.669002602399969476e-02 6.248069685800390349e-01 6.384606758404121063e-01
-1.655322253199969368e-02 6.210299136169815659e-01 6.345087211852330489e-01
-1.641641903999969260e-02 6.172696291227771637e-01 6.305963709263063821e-01
-1.627961554799969152e-02 6.135123785817795383e-01 6.266535989114647709e-01
-1.614281205599969043e-02 6.098005735761122814e-01 6.227694097947835683e-01
-1.600600856399968935e-02 6.060887618364496632e-01 6.188910468930850506e-01
-1.586920507199968827e-02 6.023935891878071658e-01 6.150309829802688144e-01
-1.573240157999968719e-02 5.987129709836079838e-01 6.111889781297801250e-01
-1.559559808799968611e-02 5.950472357627492048e-01 6.073652788932570878e-01
-1.545879459599968503e-02 5.913962086948951757e-01 6.035528084835450890e-01
-1.532199110399968395e-02 5.877594002810211382e-01 5.997608108843223151e-01
-1.518518761199968287e-02 5.841365914085592248e-01 5.959833103215594896e-01
-1.504838411999968179e-02 5.805314895894124749e-01 5.922222258853580001e-01
-1.491158062799968070e-02 5.769314984211806330e-01 5.884754195861715553e-01
-1.477477713599967962e-02 5.733495649923252557e-01 5.847443175445626862e-01
-1.463797364399967854e-02 5.697774457080848620e-01 5.810166341553174574e-01
-1.450117015199967746e-02 5.662311532856151297e-01 5.773235472891096176e-01
-1.436436665999967638e-02 5.626756591466470780e-01 5.736342159895319037e-01
-1.422756316799967530e-02 5.591430747807628610e-01 5.699588091925060773e-01
-1.409075967599967422e-02 5.556206172470302684e-01 5.662964259197381667e-01
-1.395395618399967314e-02 5.521108616227619059e-01 5.626469617536803414e-01
-1.381715269199967205e-02 5.486121025313424049e-01 5.590099896691381742e-01
-1.368034919999967097e-02 5.451239967373072703e-01 5.553883794366527571e-01
-1.354354570799966989e-02 5.416465417046975039e-01 5.517740291484530823e-01
-1.340674221599966881e-02 5.381774554643262709e-01 5.481734201474006696e-01
-1.326993872399966773e-02 5.347228912387744781e-01 5.445849624648029241e-01
-1.313313523199966665e-02 5.312765152861521623e-01 5.410072239169281261e-01
-1.299633173999966557e-02 5.278401150074691905e-01 5.374408518674134161e-01
-1.285952824799966449e-02 5.244120324161850588e-01 5.338932448059671154e-01
-1.272272475599966340e-02 5.209942293787110934e-01 5.303404173542483058e-01
-1.258592126399966232e-02 5.175858848692401759e-01 5.268053527482364773e-01
-1.244911777199966124e-02 5.141852405207008037e-01 5.232805121370300849e-01
-1.231231427999966016e-02 5.107938302098596894e-01 5.197657325062589040e-01
-1.217551078799965908e-02 5.074095898423689466e-01 5.162598776614684137e-01
-1.203870729599965800e-02 5.040370312637314498e-01 5.127638960479830033e-01
-1.190190380399965692e-02 5.006700261194291235e-01 5.092751268756997574e-01
-1.176510031199965584e-02 4.973110737939393511e-01 5.057987012800654325e-01
-1.162829681999965475e-02 4.939584261481316796e-01 5.023305278705106902e-01
-1.149149332799965367e-02 4.906049772231093065e-01 4.988682498573754898e-01
-1.135468983599965259e-02 4.872809637270065219e-01 4.954118963920671748e-01
-1.121788634399965151e-02 4.839514776862880452e-01 4.919705671352184173e-01
-1.108108285199965043e-02 4.806285193981286175e-01 4.885335156647259702e-01
-1.094427935999964935e-02 4.773136294921389022e-01 4.851046038113947523e-01
-1.080747586799964827e-02 4.740058394567110978e-01 4.816827186597056887e-01
-1.067067237599964719e-02 4.707041196487408707e-01 4.782682356663043310e-01
-1.053386888399964610e-02 4.674088178832603857e-01 4.748605070342402090e-01
-1.039706539199964502e-02 4.641176566807452830e-01 4.714597108872084497e-01
-1.026026189999964394e-02 4.608341472684391316e-01 4.680660331134632313e-01
-1.012345840799964286e-02 4.575555056589994951e-01 4.646792112932964791e-01
-9.986654915999641779e-03 4.542839044971690443e-01 4.612975913228438696e-01
-9.849851423999640698e-03 4.510179594422780158e-01 4.579228600185538123e-01
-9.713047931999639617e-03 4.477584152730146316e-01 4.545538164683127214e-01
-9.576244439999638536e-03 4.444990102067049031e-01 4.511908202033116377e-01
-9.439440947999637455e-03 4.412476516254241199e-01 4.478329990726217513e-01
-9.302637455999636373e-03 4.380035754978216511e-01 4.444801284194795366e-01
-9.165833963999635292e-03 4.347479338336519006e-01 4.411345641078209812e-01
-9.029030471999634211e-03 4.315314938927767852e-01 4.377927728289564002e-01
-8.892226979999633130e-03 4.282903074811504340e-01 4.343944124122574024e-01
-8.755423487999632048e-03 4.250623140836748415e-01 4.311276629991590559e-01
-8.618619995999630967e-03 4.218383421649209986e-01 4.277973577486347545e-01
-8.481816503999629886e-03 4.186182181442519301e-01 4.244813667324288664e-01
-8.345013011999628805e-03 4.154077679755991404e-01 4.211591570162047105e-01
-8.208209519999627723e-03 4.121859507726662875e-01 4.178467802899245576e-01
-8.071406027999626642e-03 4.089805846916979570e-01 4.145373266239580912e-01
-7.934602535999625561e-03 4.057770561502108686e-01 4.112313223896385539e-01
-7.797799043999624480e-03 4.025757567720494312e-01 4.079272899979309863e-01
-7.660995551999623399e-03 3.993776827672001484e-01 4.046321372136063577e-01
-7.524192059999622317e-03 3.961827625966232169e-01 4.013415064784438546e-01
-7.387388567999621236e-03 3.929906944570468186e-01 3.980476848550330016e-01
-7.250585075999620155e-03 3.898021703132025229e-01 3.947613274780070181e-01
-7.113781583999619074e-03 3.866159461400546227e-01 3.914760823188820904e-01
-6.976978091999617992e-03 3.834324370119757130e-01 3.881954510531230307e-01
-6.840174599999616911e-03 3.802520621970589265e-01 3.849170271106147623e-01
-6.703371107999615830e-03 3.770707871790603405e-01 3.816497105251786537e-01
-6.566567615999614749e-03 3.738978816801042382e-01 3.783698389013194219e-01
-6.429764123999613668e-03 3.707240888672332924e-01 3.750998726788171145e-01
-6.292960631999612586e-03 3.675528462121802620e-01 3.718324061640048694e-01
-6.156157139999611505e-03 3.643833271245893179e-01 3.685668463687243879e-01
-6.019353647999610424e-03 3.612163022512141497e-01 3.653053427165192102e-01
-5.882550155999609343e-03 3.580501108642726305e-01 3.620436388518428750e-01
-5.745746663999608261e-03 3.548866554562961073e-01 3.587869187045921726e-01
-5.608943171999607180e-03 3.517238008581180519e-01 3.555289288650970159e-01
-5.472139679999606099e-03 3.485626392277829111e-01 3.522718938232054509e-01
-5.335336187999605018e-03 3.454042193748210754e-01 3.490181482687964021e-01
-5.198532695999603936e-03 3.422464096182024074e-01 3.457658114819561201e-01
-5.061729203999602855e-03 3.390887976277413562e-01 3.425148466334598796e-01
-4.924925711999601774e-03 3.359332486571040000e-01 3.392652868923226039e-01
-4.788122219999600693e-03 3.327757197492178798e-01 3.360162505555567281e-01
-4.651318727999599612e-03 3.296216193353803670e-01 3.327662496551759275e-01
-4.514515235999598530e-03 3.264710598089604066e-01 3.295180217564512848e-01
-4.377711743999597449e-03 3.233182363894001599e-01 3.262772872055731965e-01
-4.240908251999596368e-03 3.201691034124151680e-01 3.230096003078621325e-01
-4.104104759999595287e-03 3.170160680625078164e-01 3.197883233815004278e-01
-3.967301267999594205e-03 3.138644939460698002e-01 3.165446667249601775e-01
-3.830497775999593124e-03 3.107135259875155597e-01 3.133009878205622600e-01
-3.693694283999592043e-03 3.075625154560188146e-01 3.100581295566717244e-01
-3.556890791999590962e-03 3.044127104447770793e-01 3.068072903241939597e-01
-3.420087299999589880e-03 3.012621789855577936e-01 3.035718565811679759e-01
-3.283283807999588799e-03 2.981110045985185253e-01 3.003293962479341994e-01
-3.146480315999587718e-03 2.949611913447325873e-01 2.970865372758546563e-01
-3.009676823999586637e-03 2.918100153598395252e-01 2.938431984438261146e-01
-2.872873331999585556e-03 2.886577547281292122e-01 2.905995074273753920e-01
-2.736069839999584474e-03 2.855067198618766455e-01 2.873541163806085930e-01
-2.599266347999583393e-03 2.823541853938031365e-01 2.841119644636131425e-01
-2.462462855999582312e-03 2.792011419165801867e-01 2.808661627630878455e-01
-2.325659363999581231e-03 2.760449210629208894e-01 2.776195461113738494e-01
-2.188855871999580149e-03 2.728914897155387820e-01 2.743736512395738569e-01
-2.052052379999579068e-03 2.697361748277183335e-01 2.711270413437889548e-01
-1.915248887999577987e-03 2.665801066126769481e-01 2.678778646709940037e-01
-1.778445395999576906e-03 2.634221868788937382e-01 2.646291155647131355e-01
-1.641641903999575824e-03 2.602627790004659047e-01 2.613755045979248570e-01
-1.504838411999574743e-03 2.571027418786643870e-01 2.581275385753884488e-01
-1.368034919999573662e-03 2.539406754096527608e-01 2.548682998606607852e-01
-1.231231427999572581e-03 2.507775837987331058e-01 2.516152618874117897e-01
-1.094427935999571500e-03 2.476128578988533169e-01 2.483523976065572236e-01
-9.576244439995704183e-04 2.444454264712847547e-01 2.451001837247480386e-01
-8.208209519995693371e-04 2.412773930463066874e-01 2.418310306947734079e-01
-6.840174599995682558e-04 2.381060095316975267e-01 2.385721543485794238e-01
-5.472139679995671746e-04 2.349337822664557818e-01 2.353049321275472727e-01
-4.104104759995660934e-04 2.317591569973748711e-01 2.320393650362349569e-01
-2.736069839995650121e-04 2.285814221192430939e-01 2.287683688413703897e-01
-1.368034919995639309e-04 2.252448008325377560e-01 2.253996665887322004e-01
4.371503159461553878e-16 2.222222222222223209e-01 2.222222222222222932e-01
1.368034920004382315e-04 2.252448008325504125e-01 2.253996665887615103e-01
2.736069840004393128e-04 2.285814221192564444e-01 2.287683688413997551e-01
4.104104760004403940e-04 2.317591569973991850e-01 2.320393650362607141e-01
5.472139680004414752e-04 2.349337822664742392e-01 2.353049321275736128e-01
6.840174600004425565e-04 2.381060095317167336e-01 2.385721543485982421e-01
8.208209520004436377e-04 2.412773930463115724e-01 2.418310306947911714e-01
9.576244440004447189e-04 2.444454264713066260e-01 2.451001837247160364e-01
1.094427936000445800e-03 2.476128578988760487e-01 2.483523976065795946e-01
1.231231428000446881e-03 2.507775837987534229e-01 2.516152618874341607e-01
1.368034920000447963e-03 2.539406754096714125e-01 2.548682998606839334e-01
1.504838412000449044e-03 2.571027418786854812e-01 2.581275385754138174e-01
1.641641904000450125e-03 2.602627790004899966e-01 2.613755045979474501e-01
1.778445396000451206e-03 2.634221868789146659e-01 2.646291155647331750e-01
1.915248888000452288e-03 2.665801066126991525e-01 2.678778646710204825e-01
2.052052380000453369e-03 2.697361748277347093e-01 2.711270413438138793e-01
2.188855872000454450e-03 2.728914897155576003e-01 2.743736512395995031e-01
2.325659364000455531e-03 2.760449210629411509e-01 2.776195461113939444e-01
2.462462856000456612e-03 2.792011419166006703e-01 2.808661627631102164e-01
2.599266348000457694e-03 2.823541853938336676e-01 2.841119644636258545e-01
2.736069840000458775e-03 2.855067198618960189e-01 2.873541163806249132e-01
2.872873332000459856e-03 2.886577547281493628e-01 2.905995074273965417e-01
3.009676824000460937e-03 2.918100153598560675e-01 2.938431984438472644e-01
3.146480316000462019e-03 2.949611913447556244e-01 2.970865372758755285e-01
3.283283808000463100e-03 2.981110045985389534e-01 3.003293962479544610e-01
3.420087300000464181e-03 3.012621789855774446e-01 3.035718565811905134e-01
3.556890792000465262e-03 3.044127104448010046e-01 3.068072903241488292e-01
3.693694284000466344e-03 3.075625154560230889e-01 3.100581295566900986e-01
3.830497776000467425e-03 3.107135259875375422e-01 3.133009878205831877e-01
3.967301268000468506e-03 3.138644939460915606e-01 3.165446667249823820e-01
4.104104760000469587e-03 3.170160680625309091e-01 3.197883233815186355e-01
4.240908252000470668e-03 3.201691034124287683e-01 3.230096003075774158e-01
4.377711744000471750e-03 3.233182363894212541e-01 3.262772872055896278e-01
4.514515236000472831e-03 3.264710598089820004e-01 3.295180217564779301e-01
4.651318728000473912e-03 3.296216193354011836e-01 3.327662496551982985e-01
4.788122220000474993e-03 3.327757197492405283e-01 3.360162505555774892e-01
4.924925712000476075e-03 3.359332486571259824e-01 3.392652868923442533e-01
5.061729204000477156e-03 3.390887976277591753e-01 3.425148466334834718e-01
5.198532696000478237e-03 3.422464096182245008e-01 3.457658114819728290e-01
5.335336188000479318e-03 3.454042193748428913e-01 3.490181482688185510e-01
5.472139680000480400e-03 3.485626392278022290e-01 3.522718938232277108e-01
5.608943172000481481e-03 3.517238008581382580e-01 3.555289288651212187e-01
5.745746664000482562e-03 3.548866554563182008e-01 3.587869187046163755e-01
5.882550156000483643e-03 3.580501108642928920e-01 3.620436388518662452e-01
6.019353648000484724e-03 3.612163022512223653e-01 3.653053427165354194e-01
6.156157140000485806e-03 3.643833271246096350e-01 3.685668463687456486e-01
6.292960632000486887e-03 3.675528462122011342e-01 3.718324061640265743e-01
6.429764124000487968e-03 3.707240888672515000e-01 3.750998726788407622e-01
6.566567616000489049e-03 3.738978816801258875e-01 3.783698389013415708e-01
6.703371108000490131e-03 3.770707871790803800e-01 3.816497105252055766e-01
6.840174600000491212e-03 3.802520621970807424e-01 3.849170271106339691e-01
6.976978092000492293e-03 3.834324370119962522e-01 3.881954510531450131e-01
7.113781584000493374e-03 3.866159461400751063e-01 3.914760823189024075e-01
7.250585076000494456e-03 3.898021703132238391e-01 3.947613274780305548e-01
7.387388568000495537e-03 3.929906944570678573e-01 3.980476848550550950e-01
7.524192060000496618e-03 3.961827625966447552e-01 4.013415064784643382e-01
7.660995552000497699e-03 3.993776827672226304e-01 4.046321372136266192e-01
7.797799044000498780e-03 4.025757567720706920e-01 4.079272899979520806e-01
7.934602536000499862e-03 4.057770561502315743e-01 4.112313223896585934e-01
8.071406028000500943e-03 4.089805846917137777e-01 4.145373266239708032e-01
8.208209520000502024e-03 4.121859507726550187e-01 4.178467802899449302e-01
8.345013012000503105e-03 4.154077679756690289e-01 4.211591570162263598e-01
8.481816504000504187e-03 4.186182181442719141e-01 4.244813667324376372e-01
8.618619996000505268e-03 4.218383421649417597e-01 4.277973577486530177e-01
8.755423488000506349e-03 4.250623140836953251e-01 4.311276629991787623e-01
8.892226980000507430e-03 4.282903074811720279e-01 4.343944124118100381e-01
9.029030472000508512e-03 4.315314938928020427e-01 4.377927728289778830e-01
9.165833964000509593e-03 4.347479338336585064e-01 4.411345641078435742e-01
9.302637456000510674e-03 4.380035754978425233e-01 4.444801284195031288e-01
9.439440948000511755e-03 4.412476516254462133e-01 4.478329990726437893e-01
9.576244440000512836e-03 4.444990102067252202e-01 4.511908202033341198e-01
9.713047932000513918e-03 4.477584152730376132e-01 4.545538164683365912e-01
9.849851424000514999e-03 4.510179594423003313e-01 4.579228600185704101e-01
9.986654916000516080e-03 4.542839044971889173e-01 4.612975913228667402e-01
1.012345840800051716e-02 4.575555056590203118e-01 4.646792112933182950e-01
1.026026190000051824e-02 4.608341472684603923e-01 4.680660331134849361e-01
1.039706539200051932e-02 4.641176566807636572e-01 4.714597108872988218e-01
1.053386888400052041e-02 4.674088178832568885e-01 4.748605070342608592e-01
1.067067237600052149e-02 4.707041196487445900e-01 4.782682356663274792e-01
1.080747586800052257e-02 4.740058394567329692e-01 4.816827186597308352e-01
1.094427936000052365e-02 4.773136294921606071e-01 4.851046038114177894e-01
1.108108285200052473e-02 4.806285193981535420e-01 4.885335156647456767e-01
1.121788634400052581e-02 4.839514776863094725e-01 4.919705671352413989e-01
1.135468983600052689e-02 4.872809637270292260e-01 4.954118963916956941e-01
1.149149332800052797e-02 4.906049772233680994e-01 4.988682498573924762e-01
1.162829682000052905e-02 4.939584261481544392e-01 5.023305278705392229e-01
1.176510031200053014e-02 4.973110737939610559e-01 5.057987012800881921e-01
1.190190380400053122e-02 5.006700261194517720e-01 5.092751268757197414e-01
1.203870729600053230e-02 5.040370312637538763e-01 5.127638960480077612e-01
1.217551078800053338e-02 5.074095898423913731e-01 5.162598776614908402e-01
1.231231428000053446e-02 5.107938302098822270e-01 5.197657325062958744e-01
1.244911777200053554e-02 5.141852405207208987e-01 5.232805121370531776e-01
1.258592126400053662e-02 5.175858848692617142e-01 5.268053527482599030e-01
1.272272475600053770e-02 5.209942293787348522e-01 5.303404173542621836e-01
1.285952824800053879e-02 5.244120324162084845e-01 5.338932448059788838e-01
1.299633174000053987e-02 5.278401150074922832e-01 5.374408518674372859e-01
1.313313523200054095e-02 5.312765152861753659e-01 5.410072239169410047e-01
1.326993872400054203e-02 5.347228912387971267e-01 5.445849624648260168e-01
1.340674221600054311e-02 5.381774554643504738e-01 5.481734201474198764e-01
1.354354570800054419e-02 5.416465417047188202e-01 5.517740291484767301e-01
1.368034920000054527e-02 5.451239967373304740e-01 5.553883794366798465e-01
1.381715269200054635e-02 5.486121025313653865e-01 5.590099896691612669e-01
1.395395618400054744e-02 5.521108616227839994e-01 5.626469617537042112e-01
1.409075967600054852e-02 5.556206172470408156e-01 5.662964259197594830e-01
1.422756316800054960e-02 5.591430747807796253e-01 5.699588091925298361e-01
1.436436666000055068e-02 5.626756591466691715e-01 5.736342159895548853e-01
1.450117015200055176e-02 5.662311532857067231e-01 5.773235472891321551e-01
1.463797364400055284e-02 5.697774457081061783e-01 5.810166341553744118e-01
1.477477713600055392e-02 5.733495649923486814e-01 5.847443175445860009e-01
1.491158062800055500e-02 5.769314984212046138e-01 5.884754195861933157e-01
1.504838412000055609e-02 5.805314895894374549e-01 5.922222258853832022e-01
1.518518761200055717e-02 5.841365914085817623e-01 5.959833103215841366e-01
1.532199110400055825e-02 5.877594002810445639e-01 5.997608108843438535e-01
1.545879459600055933e-02 5.913962086949183794e-01 6.035528084835668494e-01
1.559559808800056041e-02 5.950472357627716313e-01 6.073652788932829560e-01
1.573240158000056149e-02 5.987129709836330749e-01 6.111889781298064372e-01
1.586920507200056257e-02 6.023935891878314797e-01 6.150309829802945716e-01
1.600600856400056365e-02 6.060887618364734220e-01 6.188910468931102526e-01
1.614281205600056474e-02 6.098005735761377055e-01 6.227694097948104357e-01
1.627961554800056582e-02 6.135123785817587772e-01 6.266535989114908611e-01
1.641641904000056690e-02 6.172696291228008114e-01 6.305963709265054451e-01
1.655322253200056798e-02 6.210299136170002177e-01 6.345087211852602493e-01
1.669002602400056906e-02 6.248069685800666795e-01 6.384606758404354210e-01
1.682682951600057014e-02 6.286697335776805229e-01 6.424298870908635717e-01
1.696363300800057122e-02 6.324194239253976280e-01 6.464193927605367263e-01
1.710043650000057230e-02 6.362373286918521220e-01 6.504307406097974420e-01
1.723723999200057339e-02 6.400830300416460172e-01 6.544589505163734833e-01
1.737404348400057447e-02 6.439481168248645249e-01 6.585076983616255930e-01
1.751084697600057555e-02 6.478307614921888780e-01 6.625795269058607495e-01
1.764765046800057663e-02 6.517324676630463776e-01 6.666709271748140209e-01
1.778445396000057771e-02 6.556533811595322003e-01 6.707799864278867208e-01
1.792125745200057879e-02 6.595929101113856552e-01 6.749176927449604957e-01
1.805806094400057987e-02 6.635534633265132154e-01 6.790728952998337231e-01
1.819486443600058095e-02 6.675331404607944830e-01 6.832492721624474630e-01
1.833166792800058204e-02 6.715336247705412376e-01 6.874476362434209786e-01
1.846847142000058312e-02 6.755512982782313491e-01 6.916666447794052042e-01
1.860527491200058420e-02 6.795920395005132786e-01 6.959069355868294782e-01
1.874207840400058528e-02 6.836520106319481371e-01 7.001676081340426627e-01
1.887888189600058636e-02 6.877319150215314147e-01 7.044485019504584944e-01
1.901568538800058744e-02 6.918317308105804697e-01 7.087486156417510674e-01
1.915248888000058852e-02 6.959518140546343545e-01 7.130647501828275558e-01
1.928929237200058960e-02 7.000910029528656375e-01 7.174033296819156691e-01
1.942609586400059069e-02 7.042493489524503936e-01 7.217567632208884421e-01
1.956289935600059177e-02 7.084263294806321110e-01 7.261224205499525741e-01
1.969970284800059285e-02 7.126194670426718725e-01 7.305002773054882770e-01
1.983650634000059393e-02 7.168308345962198791e-01 7.348880151225908319e-01
1.997330983200059501e-02 7.210569278868773635e-01 7.392768578605890539e-01
2.011011332400059609e-02 7.252967110029240327e-01 7.436753027592233334e-01
2.024691681600059717e-02 7.295480483166846275e-01 7.480657361682928608e-01
2.038372030800059825e-02 7.338087740407652770e-01 7.524460683323703769e-01
2.052052380000059933e-02 7.380755582615500243e-01 7.568092410591595876e-01
2.065732729200060042e-02 7.423443379958601929e-01 7.611427211639371082e-01
2.079413078400060150e-02 7.466114505708522087e-01 7.654363393545908778e-01
2.093093427600060258e-02 7.508726314116376255e-01 7.696769590787235771e-01
2.106773776800060366e-02 7.551168518539779217e-01 7.738431218277870283e-01
2.120454126000060474e-02 7.593400128129270676e-01 7.779123221834941537e-01
2.134134475200060582e-02 7.635305165595706045e-01 7.818551738707401055e-01
2.147814824400060690e-02 7.676841217680898666e-01 7.856326906470404436e-01
2.161495173600060798e-02 7.717607970586812804e-01 7.891959819469774873e-01
2.175175522800060907e-02 7.757662609634038420e-01 7.924814272593672104e-01
2.188855872000061015e-02 7.796605382612494806e-01 7.954032586457878695e-01
2.202536221200061123e-02 7.834341483845834730e-01 7.978468393516697788e-01
2.216216570400061231e-02 7.870279588202632182e-01 7.996520509214828376e-01
2.229896919600061339e-02 7.903986405096290468e-01 8.005918483794834950e-01
2.243577268800061447e-02 7.934796143182083483e-01 8.003294255697652737e-01
2.257257618000061555e-02 7.961882961392607871e-01 7.983367889032674247e-01
2.270937967200061663e-02 7.984045574215059560e-01 7.937104351925685641e-01
2.284618316400061772e-02 7.999684188141392704e-01 7.846208883186771565e-01
2.298298665600061880e-02 8.006510740819382521e-01 7.647849694946711185e-01
2.311979014800061988e-02 8.001125568390796694e-01 7.368376464453059160e-01
2.325659364000062096e-02 7.978211672907550289e-01 7.215103827243618539e-01
2.339339713200062204e-02 7.928585932446160500e-01 7.097199014854617127e-01
2.353020062400062312e-02 7.833441598292955055e-01 6.999431565388778420e-01
2.366700411600062420e-02 7.619919861607173939e-01 6.915243336561978094e-01
2.380380760800062528e-02 7.360843062567224981e-01 6.841033119250173877e-01
2.394061110000062637e-02 7.213366202212602163e-01 6.774554780988448766e-01
2.407741459200062745e-02 7.098826040028933804e-01 6.714290189426667110e-01
2.421421808400062853e-02 7.003393360740427509e-01 6.659154361198565963e-01
2.435102157600062961e-02 6.920959903833944216e-01 6.608339235862261685e-01
2.448782506800063069e-02 6.848130379318303484e-01 6.561223552057608988e-01
2.462462856000063177e-02 6.782771165104882760e-01 6.517317418416962438e-01
2.476143205200063285e-02 6.723432669658522265e-01 6.476226470039827543e-01
2.489823554400063393e-02 6.669074883254807462e-01 6.437627734200728202e-01
2.503503903600063502e-02 6.618920895785092018e-01 6.401252829632068098e-01
2.517184252800063610e-02 6.572371930090111780e-01 6.366875939220848490e-01
2.530864602000063718e-02 6.528954860026643381e-01 6.334304992224487618e-01
2.544544951200063826e-02 6.488288154638363059e-01 6.303375065218728146e-01
2.558225300400063934e-02 6.450058881334109762e-01 6.273943354138000750e-01
2.571905649600064042e-02 6.414006657854763871e-01 6.245885282424856744e-01
2.585585998800064150e-02 6.379912139627890166e-01 6.219091446125665223e-01
2.599266348000064258e-02 6.347588563813274520e-01 6.193465185602273770e-01
2.612946697200064367e-02 6.316875410792235357e-01 6.168920633959520394e-01
2.626627046400064475e-02 6.287633567755841479e-01 6.145381131853185908e-01
2.640307395600064583e-02 6.259741580270976602e-01 6.122777928635741995e-01
2.653987744800064691e-02 6.233092706477857403e-01 6.101049108716731784e-01
2.667668094000064799e-02 6.207592573172031614e-01 6.080138697329922071e-01
2.681348443200064907e-02 6.183157289801601841e-01 6.059995910399867958e-01
2.695028792400065015e-02 6.159711915735056609e-01 6.040574521146612197e-01
2.708709141600065123e-02 6.137189202835271473e-01 6.021832322003457527e-01
2.722389490800065232e-02 6.115528555523640497e-01 6.003730664919724180e-01
2.736069840000065340e-02 6.094675163917515626e-01 5.986234066561880729e-01
2.749750189200065448e-02 6.074579276173295295e-01 5.969309867584502438e-01
2.763430538400065556e-02 6.055195583679132687e-01 5.952927937213816634e-01
2.777110887600065664e-02 6.036482698450640338e-01 5.937060416013590913e-01
2.790791236800065772e-02 6.018402706404182290e-01 5.921681490991106411e-01
2.804471586000065880e-02 6.000920783491647814e-01 5.906767198227595994e-01
2.818151935200065988e-02 5.984004864238953170e-01 5.892295249041605842e-01
2.831832284400066096e-02 5.967625354225420953e-01 5.878244876359313142e-01
2.845512633600066205e-02 5.951754879609254534e-01 5.864596698506501227e-01
2.859192982800066313e-02 5.936368068046564694e-01 5.851332598078771152e-01
2.872873332000066421e-02 5.921441356342076467e-01 5.838435613909480626e-01
2.886553681200066529e-02 5.906952820965521989e-01 5.825889844454504862e-01
2.900234030400066637e-02 5.892882028210590928e-01 5.813680361161492893e-01
2.913914379600066745e-02 5.879209901296120755e-01 5.801793130598374981e-01
2.927594728800066853e-02 5.865918602136506177e-01 5.790214944289280297e-01
2.941275078000066961e-02 5.852991425859465080e-01 5.778933355351668633e-01
2.954955427200067070e-02 5.840412706439411794e-01 5.767936621151379395e-01
2.968635776400067178e-02 5.828167732055336003e-01 5.757213651296471113e-01
2.982316125600067286e-02 5.816242668982897213e-01 5.746753960378953030e-01
2.995996474800067394e-02 5.804624492998345930e-01 5.736547624950093516e-01
3.009676824000067502e-02 5.793300927413271850e-01 5.726585244276336528e-01
3.023357173200067610e-02 5.782260386978342881e-01 5.716857904483584329e-01
3.037037522400067718e-02 5.771491926995273580e-01 5.707357145740499238e-01
3.050717871600067826e-02 5.760985197062115093e-01 5.698074932174012064e-01
3.064398220800067935e-02 5.750730398950266720e-01 5.689003624248222257e-01
3.078078570000068043e-02 5.740718248174185856e-01 5.680135953365477164e-01
3.091758919200068151e-02 5.730939938869570316e-01 5.671464998477568908e-01
3.105439268400068259e-02 5.721387111639345546e-01 5.662984164517752550e-01
3.119119617600068367e-02 5.712051824071563422e-01 5.654687162485023677e-01
3.132799966800068475e-02 5.702926523663767178e-01 5.646567991030114753e-01
3.146480316000068583e-02 5.694004022919586516e-01 5.638620919408541265e-01
3.160160665200068691e-02 5.685277476411810804e-01 5.630840471679995352e-01
3.173841014400068800e-02 5.676740359625941368e-01 5.623221412045722456e-01
3.187521363600068908e-02 5.668386449420282913e-01 5.615758731226406786e-01
3.201201712800069016e-02 5.660209805955522810e-01 5.608447633792752463e-01
3.214882062000069124e-02 5.652204755962340066e-01 5.601283526369530419e-01
3.228562411200069232e-02 5.644365877229121642e-01 5.594262006641477214e-01
3.242242760400069340e-02 5.636687984203977431e-01 5.587378853096238718e-01
3.255923109600069448e-02 5.629166114615786753e-01 5.580630015445595671e-01
3.269603458800069556e-02 5.621795517028472799e-01 5.574011605671640446e-01
3.283283808000069665e-02 5.614571639251094703e-01 5.567519889649444886e-01
3.296964157200069773e-02 5.607490117533668883e-01 5.561151279302071204e-01
3.310644506400069881e-02 5.600546766485435812e-01 5.554902325247720318e-01
3.324324855600069989e-02 5.593737569658043807e-01 5.548769709902329206e-01
3.338005204800070097e-02 5.587058670741507083e-01 5.542750241004058553e-01
3.351685554000070205e-02 5.580506365325511586e-01 5.536840845529040767e-01
3.365365903200070313e-02 5.574077093182873144e-01 5.531038563970248623e-01
3.379046252400070421e-02 5.567767431035813841e-01 5.525340544953761812e-01
3.392726601600070530e-02 5.561574085769089848e-01 5.519744040168783616e-01
3.406406950800070638e-02 5.555493888057189134e-01 5.514246399589670666e-01
3.420087300000070746e-02 5.549523786375528678e-01 5.508845066970015081e-01
3.433767649200070854e-02 5.543660841368148740e-01 5.503537575590353725e-01
3.447447998400070962e-02 5.537902220546674359e-01 5.498321544242583681e-01
3.461128347600071070e-02 5.532245193297382624e-01 5.493194673435374265e-01
3.474808696800071178e-02 5.526687126175078291e-01 5.488154741806217096e-01
3.488489046000071286e-02 5.521225478464220071e-01 5.483199602726671618e-01
3.502169395200071395e-02 5.515857797989220934e-01 5.478327181088507025e-01
3.515849744400071503e-02 5.510581717157336801e-01 5.473535470259269786e-01
3.529530093600071611e-02 5.505394949218784806e-01 5.468822529196698534e-01
3.543210442800071719e-02 5.500295284729908030e-01 5.464186479712119793e-01
3.556890792000071827e-02 5.495280588206333805e-01 5.459625503873725139e-01
3.570571141200071935e-02 5.490348794953932021e-01 5.455137841541231047e-01
3.584251490400072043e-02 5.485497908066433448e-01 5.450721788024025516e-01
3.597931839600072151e-02 5.480725995579233123e-01 5.446375691855495083e-01
3.611612188800072260e-02 5.476031187769763164e-01 5.442097952676654415e-01
3.625292538000072368e-02 5.471411674595471064e-01 5.437887019222744645e-01
3.638972887200072476e-02 5.466865703261064580e-01 5.433741387406841872e-01
3.652653236400072584e-02 5.462391575907281638e-01 5.429659598494949169e-01
3.666333585600072692e-02 5.457987647413997667e-01 5.425640237367366225e-01
3.680013934800072800e-02 5.453652323310927974e-01 5.421681930861539378e-01
3.693694284000072908e-02 5.449384057789696811e-01 5.417783346191828997e-01
3.707374633200073016e-02 5.445181351811423376e-01 5.413943189441995374e-01
3.721054982400073124e-02 5.441042751304387970e-01 5.410160204126409633e-01
3.734735331600073233e-02 5.436966845446677965e-01 5.406433169816295958e-01
3.748415680800073341e-02 5.432952265029084016e-01 5.402760900827521251e-01
3.762096030000073449e-02 5.428997680893770106e-01 5.399142244966654847e-01
3.775776379200073557e-02 5.425101802444587396e-01 5.395576082332251833e-01
3.789456728400073665e-02 5.421263376225113895e-01 5.392061324168448966e-01
3.803137077600073773e-02 5.417481184560770657e-01 5.388596911768220865e-01
3.816817426800073881e-02 5.413754044261608334e-01 5.385181815423689677e-01
3.830497776000073989e-02 5.410080805382535551e-01 5.381815033421144534e-01
3.844178125200074098e-02 5.406460350037965990e-01 5.378495591078509275e-01
3.857858474400074206e-02 5.402891591268094151e-01 5.375222539823096835e-01
3.871538823600074314e-02 5.399373471954070913e-01 5.371994956307719615e-01
3.885219172800074422e-02 5.395904963779662999e-01 5.368811941563219614e-01
3.898899522000074530e-02 5.392485066236949454e-01 5.365672620185658603e-01
3.912579871200074638e-02 5.389112805673910156e-01 5.362576139556504140e-01
3.926260220400074746e-02 5.385787234381781419e-01 5.359521669094190477e-01
3.939940569600074854e-02 5.382507429720231329e-01 5.356508399535619969e-01
3.953620918800074963e-02 5.379272493278480782e-01 5.353535542246128376e-01
3.967301268000075071e-02 5.376081550070638260e-01 5.350602328556627318e-01
3.980981617200075179e-02 5.372933747763595225e-01 5.347708009126621587e-01
3.994661966400075287e-02 5.369828255935910066e-01 5.344851853331946678e-01
4.008342315600075395e-02 5.366764265366215092e-01 5.342033148676056387e-01
4.022022664800075503e-02 5.363740987349775446e-01 5.339251200223813498e-01
4.035703014000075611e-02 5.360757653041843263e-01 5.336505330056762197e-01
4.049383363200075719e-02 5.357813512826599123e-01 5.333794876748909619e-01
4.063063712400075828e-02 5.354907835710490671e-01 5.331119194862122823e-01
4.076744061600075936e-02 5.352039908738830398e-01 5.328477654460253010e-01
4.090424410800076044e-02 5.349209036434653397e-01 5.325869640641193170e-01
4.104104760000076152e-02 5.346414540258767056e-01 5.323294553086056480e-01
4.117785109200076260e-02 5.343655758090085639e-01 5.320751805624764907e-01
4.131465458400076368e-02 5.340932043725350464e-01 5.318240825817319717e-01
4.145145807600076476e-02 5.338242766397351957e-01 5.315761054550107723e-01
4.158826156800076584e-02 5.335587310310885290e-01 5.313311945646580492e-01
4.172506506000076693e-02 5.332965074195625821e-01 5.310892965491738060e-01
4.186186855200076801e-02 5.330375470875233779e-01 5.308503592669796545e-01
4.199867204400076909e-02 5.327817926851967645e-01 5.306143317614534505e-01
4.213547553600077017e-02 5.325291881906155655e-01 5.303811642271761828e-01
4.227227902800077125e-02 5.322796788709902582e-01 5.301508079773449289e-01
4.240908252000077233e-02 5.320332112454424500e-01 5.299232154123003635e-01
4.254588601200077341e-02 5.317897330490448660e-01 5.296983399891276312e-01
4.268268950400077449e-02 5.315491931981145557e-01 5.294761361922857290e-01
4.281949299600077558e-02 5.313115417567065846e-01 5.292565595052232119e-01
4.295629648800077666e-02 5.310767299042589151e-01 5.290395663829443595e-01
4.309309998000077774e-02 5.308447099043440698e-01 5.288251142254851711e-01
4.322990347200077882e-02 5.306154350744811676e-01 5.286131613522654371e-01
4.336670696400077990e-02 5.303888597569649255e-01 5.284036669772820272e-01
4.350351045600078098e-02 5.301649392906738756e-01 5.281965911851111972e-01
4.364031394800078206e-02 5.299436299838168329e-01 5.279918949076900514e-01
4.377711744000078314e-02 5.297248890875826399e-01 5.277895399018436295e-01
4.391392093200078423e-02 5.295086747706552188e-01 5.275894887275343059e-01
4.405072442400078531e-02 5.292949460945641782e-01 5.273917047268035230e-01
4.418752791600078639e-02 5.290836629898341137e-01 5.271961520033782156e-01
4.432433140800078747e-02 5.288747862329075122e-01 5.270027954029221640e-01
4.446113490000078855e-02 5.286682774238066207e-01 5.268116004939030761e-01
4.459793839200078963e-02 5.284640989645085218e-01 5.266225335490570814e-01
4.473474188400079071e-02 5.282622140380089926e-01 5.264355615274243227e-01
4.487154537600079179e-02 5.280625865880443914e-01 5.262506520569397717e-01
4.500834886800079288e-02 5.278651812994507031e-01 5.260677734175553955e-01
4.514515236000079396e-02 5.276699635791359810e-01 5.258868945248761362e-01
4.528195585200079504e-02 5.274768995376420966e-01 5.257079849142908268e-01
4.541875934400079612e-02 5.272859559712753663e-01 5.255310147255813913e-01
4.555556283600079720e-02 5.270971003447849634e-01 5.253559546879922326e-01
4.569236632800079828e-02 5.269103007745703504e-01 5.251827761057438204e-01
4.582916982000079936e-02 5.267255260123970828e-01 5.250114508439759353e-01
4.596597331200080044e-02 5.265427454296039977e-01 5.248419513151041382e-01
4.610277680400080152e-02 5.263619290017845787e-01 5.246742504655769190e-01
4.623958029600080261e-02 5.261830472939241776e-01 5.245083217630174266e-01
4.637638378800080369e-02 5.260060714459794395e-01 5.243441391837391219e-01
4.651318728000080477e-02 5.258309731588824976e-01 5.241816772006206993e-01
4.664999077200080585e-02 5.256577246809559512e-01 5.240209107713297287e-01
4.678679426400080693e-02 5.254862987947253039e-01 5.238618153268812527e-01
4.692359775600080801e-02 5.253166688041127630e-01 5.237043667605221220e-01
4.706040124800080909e-02 5.251488085220030744e-01 5.235485414169289697e-01
4.719720474000081017e-02 5.249826922581649624e-01 5.233943160817102758e-01
4.733400823200081126e-02 5.248182948075184040e-01 5.232416679712011964e-01
4.747081172400081234e-02 5.246555914387366348e-01 5.230905747225436109e-01
4.760761521600081342e-02 5.244945578831690103e-01 5.229410143840390601e-01
4.774441870800081450e-02 5.243351703240763939e-01 5.227929654057699160e-01
4.788122220000081558e-02 5.241774053861696370e-01 5.226464066304755685e-01
4.801802569200081666e-02 5.240212401254361607e-01 5.225013172846781906e-01
4.815482918400081774e-02 5.238666520192524212e-01 5.223576769700499778e-01
4.829163267600081882e-02 5.237136189567667133e-01 5.222154656550139773e-01
4.842843616800081991e-02 5.235621192295466519e-01 5.220746636665685170e-01
4.856523966000082099e-02 5.234121315224831150e-01 5.219352516823342336e-01
4.870204315200082207e-02 5.232636349049402114e-01 5.217972107228088241e-01
4.883884664400082315e-02 5.231166088221451682e-01 5.216605221438302964e-01
4.897565013600082423e-02 5.229710330868106993e-01 5.215251676292379512e-01
4.911245362800082531e-02 5.228268878709804168e-01 5.213911291837256545e-01
4.924925712000082639e-02 5.226841536980939562e-01 5.212583891258824043e-01
4.938606061200082747e-02 5.225428114352602682e-01 5.211269300814153071e-01
4.952286410400082856e-02 5.224028422857368570e-01 5.209967349765445288e-01
4.965966759600082964e-02 5.222642277816057499e-01 5.208677870315736591e-01
4.979647108800083072e-02 5.221269497766418688e-01 5.207400697546201718e-01
4.993327458000083180e-02 5.219909904393664757e-01 5.206135669355097528e-01
5.007007807200083288e-02 5.218563322462812515e-01 5.204882626398233958e-01
5.020688156400083396e-02 5.217229579752775681e-01 5.203641412030975966e-01
5.034368505600083504e-02 5.215908506992134042e-01 5.202411872251685443e-01
5.048048854800083612e-02 5.214599937796562390e-01 5.201193855646601971e-01
5.061729204000083721e-02 5.213303708607841536e-01 5.199987213336084713e-01
5.075409553200083829e-02 5.212019658634429176e-01 5.198791798922210994e-01
5.089089902400083937e-02 5.210747629793512914e-01 5.197607468437649425e-01
5.102770251600084045e-02 5.209487466654528776e-01 5.196434080295815328e-01
5.116450600800084153e-02 5.208239016384096365e-01 5.195271495242246296e-01
5.130130950000084261e-02 5.207002128692316267e-01 5.194119576307152375e-01
5.143811299200084369e-02 5.205776655780401940e-01 5.192978188759140856e-01
5.157491648400084477e-02 5.204562452289608343e-01 5.191847200060055734e-01
5.171171997600084586e-02 5.203359375251418451e-01 5.190726479820901851e-01
5.184852346800084694e-02 5.202167284038931028e-01 5.189615899758840412e-01
5.198532696000084802e-02 5.200986040319457437e-01 5.188515333655203676e-01
5.212213045200084910e-02 5.199815508008248655e-01 5.187424657314522181e-01
5.225893394400085018e-02 5.198655553223355819e-01 5.186343748524510078e-01
5.239573743600085126e-02 5.197506044241565482e-01 5.185272487017017484e-01
5.253254092800085234e-02 5.196366851455395119e-01 5.184210754429879886e-01
5.266934442000085342e-02 5.195237847331118930e-01 5.183158434269680148e-01
5.280614791200085451e-02 5.194118906367780619e-01 5.182115411875370947e-01
5.294295140400085559e-02 5.193009905057188735e-01 5.181081574382750965e-01
5.307975489600085667e-02 5.191910721844840149e-01 5.180056810689759317e-01
5.321655838800085775e-02 5.190821237091780560e-01 5.179041011422567120e-01
5.335336188000085883e-02 5.189741333037335425e-01 5.178034068902463982e-01
5.349016537200085991e-02 5.188670893762717951e-01 5.177035877113483897e-01
5.362696886400086099e-02 5.187609805155489751e-01 5.176046331670784983e-01
5.376377235600086207e-02 5.186557954874819742e-01 5.175065329789739765e-01
5.390057584800086316e-02 5.185515232317570167e-01 5.174092770255728224e-01
5.403737934000086424e-02 5.184481528585135335e-01 5.173128553394609197e-01
5.417418283200086532e-02 5.183456736451046432e-01 5.172172581043860129e-01
5.431098632400086640e-02 5.182440750329321277e-01 5.171224756524352983e-01
5.444778981600086748e-02 5.181433466243514641e-01 5.170284984612774082e-01
5.458459330800086856e-02 5.180434781796479093e-01 5.169353171514642353e-01
