0.000000000000000000e+00 1.000000000000000000e+00 6.000000000000000000e+00
-5.472139679999999534e-02 1.051747450219143731e+00 1.048543145000685017e+00
-5.458459330799999426e-02 1.052035668736884366e+00 1.048811774856295287e+00
-5.444778981599999318e-02 1.052326391051999988e+00 1.049082717883974114e+00
-5.431098632399999210e-02 1.052619647301189287e+00 1.049356001619949463e+00
-5.417418283199999102e-02 1.052915468091630613e+00 1.049631654024735683e+00
-5.403737933999998994e-02 1.053213884510110887e+00 1.049909703491239910e+00
-5.390057584799998885e-02 1.053514928132364359e+00 1.050190178853057432e+00
-5.376377235599998777e-02 1.053818631032630737e+00 1.050473109392958904e+00
-5.362696886399998669e-02 1.054125025793439807e+00 1.050758524851571396e+00
-5.349016537199998561e-02 1.054434145515625421e+00 1.051046455436264848e+00
-5.335336187999998453e-02 1.054746023828582180e+00 1.051336931830243460e+00
-5.321655838799998345e-02 1.055060694900758600e+00 1.051629985201852469e+00
-5.307975489599998237e-02 1.055378193450410507e+00 1.051925647214100978e+00
-5.294295140399998129e-02 1.055698554756607566e+00 1.052223950034414823e+00
-5.280614791199998020e-02 1.056021814670506043e+00 1.052524926344615475e+00
-5.266934441999997912e-02 1.056348009626897788e+00 1.052828609351140754e+00
-5.253254092799997804e-02 1.056677176656038109e+00 1.053135032795508907e+00
-5.239573743599997696e-02 1.057009353395763407e+00 1.053444230965034256e+00
-5.225893394399997588e-02 1.057344578103907473e+00 1.053756238703800419e+00
-5.212213045199997480e-02 1.057682889671022419e+00 1.054071091423901319e+00
-5.198532695999997372e-02 1.058024327633416473e+00 1.054388825116955974e+00
-5.184852346799997264e-02 1.058368932186515510e+00 1.054709476365900844e+00
-5.171171997599997155e-02 1.058716744198558546e+00 1.055033082357077268e+00
-5.157491648399997047e-02 1.059067805224636727e+00 1.055359680892612895e+00
-5.143811299199996939e-02 1.059422157521087815e+00 1.055689310403110648e+00
-5.130130949999996831e-02 1.059779844060251497e+00 1.056022009960654096e+00
-5.116450600799996723e-02 1.060140908545605276e+00 1.056357819292135014e+00
-5.102770251599996615e-02 1.060505395427283171e+00 1.056696778792920233e+00
-5.089089902399996507e-02 1.060873349917994757e+00 1.057038929540855321e+00
-5.075409553199996399e-02 1.061244818009351221e+00 1.057384313310630208e+00
-5.061729203999996290e-02 1.061619846488621066e+00 1.057732972588503628e+00
-5.048048854799996182e-02 1.061998482955914147e+00 1.058084950587409034e+00
-5.034368505599996074e-02 1.062380775841819114e+00 1.058440291262441324e+00
-5.020688156399995966e-02 1.062766774425505822e+00 1.058799039326748570e+00
-5.007007807199995858e-02 1.063156528853297589e+00 1.059161240267832094e+00
-4.993327457999995750e-02 1.063550090157745043e+00 1.059526940364267311e+00
-4.979647108799995642e-02 1.063947510277201358e+00 1.059896186702868004e+00
-4.965966759599995534e-02 1.064348842075924839e+00 1.060269027196294456e+00
-4.952286410399995426e-02 1.064754139364718188e+00 1.060645510601126995e+00
-4.938606061199995317e-02 1.065163456922129548e+00 1.061025686536421153e+00
-4.924925711999995209e-02 1.065576850516225305e+00 1.061409605502752207e+00
-4.911245362799995101e-02 1.065994376926959308e+00 1.061797318901768206e+00
-4.897565013599994993e-02 1.066416093969152934e+00 1.062188879056274127e+00
-4.883884664399994885e-02 1.066842060516107971e+00 1.062584339230848940e+00
-4.870204315199994777e-02 1.067272336523875431e+00 1.062983753653027774e+00
-4.856523965999994669e-02 1.067706983056195824e+00 1.063387177535058514e+00
-4.842843616799994561e-02 1.068146062310139754e+00 1.063794667096252811e+00
-4.829163267599994452e-02 1.068589637642464840e+00 1.064206279585953707e+00
-4.815482918399994344e-02 1.069037773596719809e+00 1.064622073307135874e+00
-4.801802569199994236e-02 1.069490535931115538e+00 1.065042107640661317e+00
-4.788122219999994128e-02 1.069947991647192120e+00 1.065466443070213653e+00
-4.774441870799994020e-02 1.070410209019306613e+00 1.065895141207927388e+00
-4.760761521599993912e-02 1.070877257624969214e+00 1.066328264820744609e+00
-4.747081172399993804e-02 1.071349208376061179e+00 1.066765877857513756e+00
-4.733400823199993696e-02 1.071826133550958238e+00 1.067208045476860878e+00
-4.719720473999993587e-02 1.072308106827592811e+00 1.067654834075859593e+00
-4.706040124799993479e-02 1.072795203317493673e+00 1.068106311319523050e+00
-4.692359775599993371e-02 1.073287499600828365e+00 1.068562546171149652e+00
-4.678679426399993263e-02 1.073785073762484998e+00 1.069023608923549196e+00
-4.664999077199993155e-02 1.074288005429240966e+00 1.069489571231183600e+00
-4.651318727999993047e-02 1.074796375808036331e+00 1.069960506143246448e+00
-4.637638378799992939e-02 1.075310267725415603e+00 1.070436488137721964e+00
-4.623958029599992831e-02 1.075829765668158799e+00 1.070917593156453851e+00
-4.610277680399992722e-02 1.076354955825157500e+00 1.071403898641257291e+00
-4.596597331199992614e-02 1.076885926130576765e+00 1.071895483571119190e+00
-4.582916981999992506e-02 1.077422766308348434e+00 1.072392428500512418e+00
-4.569236632799992398e-02 1.077965567918048206e+00 1.072894815598878671e+00
-4.555556283599992290e-02 1.078514424402205796e+00 1.073402728691307484e+00
-4.541875934399992182e-02 1.079069431135095902e+00 1.073916253300466694e+00
-4.528195585199992074e-02 1.079630685473080165e+00 1.074435476689823421e+00
-4.514515235999991966e-02 1.080198286806540287e+00 1.074960487908202200e+00
-4.500834886799991857e-02 1.080772336613473383e+00 1.075491377835734452e+00
-4.487154537599991749e-02 1.081352938514810180e+00 1.076028239231244132e+00
-4.473474188399991641e-02 1.081940198331525993e+00 1.076571166781130851e+00
-4.459793839199991533e-02 1.082534224143599122e+00 1.077120257149795313e+00
-4.446113489999991425e-02 1.083135126350909472e+00 1.077675609031680803e+00
-4.432433140799991317e-02 1.083743017736134906e+00 1.078237323204974896e+00
-4.418752791599991209e-02 1.084358013529731712e+00 1.078805502587046883e+00
-4.405072442399991101e-02 1.084980231477082224e+00 1.079380252291682885e+00
-4.391392093199990992e-02 1.085609791907890420e+00 1.079961679688186571e+00
-4.377711743999990884e-02 1.086246817807918763e+00 1.080549894462423222e+00
-4.364031394799990776e-02 1.086891434893162867e+00 1.081145008679872621e+00
-4.350351045599990668e-02 1.087543771686554361e+00 1.081747136850785163e+00
-4.336670696399990560e-02 1.088203959597302983e+00 1.082356395997506215e+00
-4.322990347199990452e-02 1.088872133002983134e+00 1.082972905724072676e+00
-4.309309997999990344e-02 1.089548429334474600e+00 1.083596788288157198e+00
-4.295629648799990236e-02 1.090232989163882449e+00 1.084228168675465120e+00
-4.281949299599990127e-02 1.090925956295556221e+00 1.084867174676680035e+00
-4.268268950399990019e-02 1.091627477860336537e+00 1.085513936967059445e+00
-4.254588601199989911e-02 1.092337704413173682e+00 1.086168589188793554e+00
-4.240908251999989803e-02 1.093056790034252934e+00 1.086831268036238418e+00
-4.227227902799989695e-02 1.093784892433783185e+00 1.087502113344145149e+00
-4.213547553599989587e-02 1.094522173060606063e+00 1.088181268179006844e+00
-4.199867204399989479e-02 1.095268797214786094e+00 1.088868878933661133e+00
-4.186186855199989371e-02 1.096024934164368858e+00 1.089565095425278907e+00
-4.172506505999989262e-02 1.096790757266475902e+00 1.090270070996888885e+00
-4.158826156799989154e-02 1.097566444092942017e+00 1.090983962622590564e+00
-4.145145807599989046e-02 1.098352176560689841e+00 1.091706931016610316e+00
-4.131465458399988938e-02 1.099148141067059159e+00 1.092439140746373827e+00
-4.117785109199988830e-02 1.099954528630316064e+00 1.093180760349768521e+00
-4.104104759999988722e-02 1.100771535035577786e+00 1.093931962456780260e+00
-4.090424410799988614e-02 1.101599360986402099e+00 1.094692923915704164e+00
-4.076744061599988506e-02 1.102438212262306205e+00 1.095463825924124945e+00
-4.063063712399988398e-02 1.103288299882494661e+00 1.096244854164896809e+00
-4.049383363199988289e-02 1.104149840276080319e+00 1.097036198947335395e+00
-4.035703013999988181e-02 1.105023055459119385e+00 1.097838055353871356e+00
-4.022022664799988073e-02 1.105908173218775437e+00 1.098650623392414261e+00
-4.008342315599987965e-02 1.106805427304964784e+00 1.099474108154688379e+00
-3.994661966399987857e-02 1.107715057629841349e+00 1.100308719980833683e+00
-3.980981617199987749e-02 1.108637310475508064e+00 1.101154674630548502e+00
-3.967301267999987641e-02 1.109572438710364928e+00 1.102012193461104905e+00
-3.953620918799987533e-02 1.110520702014512473e+00 1.102881503612551661e+00
-3.939940569599987424e-02 1.111482367114681402e+00 1.103762838200462060e+00
-3.926260220399987316e-02 1.112457708029157777e+00 1.104656436516590734e+00
-3.912579871199987208e-02 1.113447006323220911e+00 1.105562544237826295e+00
-3.898899521999987100e-02 1.114450551375634424e+00 1.106481413643852996e+00
-3.885219172799986992e-02 1.115468640656761101e+00 1.107413303843959307e+00
-3.871538823599986884e-02 1.116501580018916417e+00 1.108358481013445918e+00
-3.857858474399986776e-02 1.117549683999603083e+00 1.109317218640128111e+00
-3.844178125199986668e-02 1.118613276138312296e+00 1.110289797781444987e+00
-3.830497775999986559e-02 1.119692689307627109e+00 1.111276507332725316e+00
-3.816817426799986451e-02 1.120788266059396854e+00 1.112277644307186675e+00
-3.803137077599986343e-02 1.121900358986809509e+00 1.113293514128289141e+00
-3.789456728399986235e-02 1.123029331103246209e+00 1.114324430935097032e+00
-3.775776379199986127e-02 1.124175556238843354e+00 1.115370717901335018e+00
-3.762096029999986019e-02 1.125339419455765100e+00 1.116432707568891347e+00
-3.748415680799985911e-02 1.126521317483250906e+00 1.117510742196540230e+00
-3.734735331599985803e-02 1.127721659173559710e+00 1.118605174124724044e+00
-3.721054982399985694e-02 1.128940865980038843e+00 1.119716366157286203e+00
-3.707374633199985586e-02 1.130179372458591569e+00 1.120844691961095707e+00
-3.693694283999985478e-02 1.131437626793938556e+00 1.121990536484579248e+00
-3.680013934799985370e-02 1.132716091352138355e+00 1.123154296396228213e+00
-3.666333585599985262e-02 1.134015243260961370e+00 1.124336380544237457e+00
-3.652653236399985154e-02 1.135335575019794874e+00 1.125537210438493974e+00
-3.638972887199985046e-02 1.136677595140906494e+00 1.126757220756227973e+00
-3.625292537999984938e-02 1.138041828824000401e+00 1.127996859872723245e+00
-3.611612188799984829e-02 1.139428818666164078e+00 1.129256590418586503e+00
-3.597931839599984721e-02 1.140839125409437438e+00 1.130536889865171757e+00
-3.584251490399984613e-02 1.142273328728421689e+00 1.131838251139881901e+00
-3.570571141199984505e-02 1.143732028060515216e+00 1.133161183273178718e+00
-3.556890791999984397e-02 1.145215843481564910e+00 1.134506212079279042e+00
-3.543210442799984289e-02 1.146725416629942318e+00 1.135873880872648511e+00
-3.529530093599984181e-02 1.148261411682276689e+00 1.137264751222568204e+00
-3.515849744399984073e-02 1.149824516384348350e+00 1.138679403748216412e+00
-3.502169395199983964e-02 1.151415443140908490e+00 1.140118438956892355e+00
-3.488489045999983856e-02 1.153034930168512551e+00 1.141582478128210898e+00
-3.474808696799983748e-02 1.154683742715775452e+00 1.143072164247314948e+00
-3.461128347599983640e-02 1.156362674355828180e+00 1.144588162990395341e+00
-3.447447998399983532e-02 1.158072548356158249e+00 1.146131163766055838e+00
-3.433767649199983424e-02 1.159814219131451107e+00 1.147701880816360820e+00
-3.420087299999983316e-02 1.161588573785530487e+00 1.149301054381701714e+00
-3.406406950799983208e-02 1.163396533749038397e+00 1.150929451933961234e+00
-3.392726601599983099e-02 1.165239056520061212e+00 1.152587869482827987e+00
-3.379046252399982991e-02 1.167117137515575109e+00 1.154277132960514152e+00
-3.365365903199982883e-02 1.169031812042271801e+00 1.155998099690589642e+00
-3.351685553999982775e-02 1.170984157396131264e+00 1.157751659947117817e+00
-3.338005204799982667e-02 1.172975295100964210e+00 1.159538738610837783e+00
-3.324324855599982559e-02 1.175006393297119756e+00 1.161360296929715430e+00
-3.310644506399982451e-02 1.177078669292615842e+00 1.163217334391856816e+00
-3.296964157199982343e-02 1.179193392290139419e+00 1.165110890719482706e+00
-3.283283807999982234e-02 1.181351886304697008e+00 1.167042047993487541e+00
-3.269603458799982126e-02 1.183555533288136896e+00 1.169011932918960772e+00
-3.255923109599982018e-02 1.185805776478458862e+00 1.171021719243057424e+00
-3.242242760399981910e-02 1.188104123993610095e+00 1.173072630337678834e+00
-3.228562411199981802e-02 1.190452152691567012e+00 1.175165941960631288e+00
-3.214882061999981694e-02 1.192851512320782792e+00 1.177302985210287423e+00
-3.201201712799981586e-02 1.195303929987693525e+00 1.179485149690268075e+00
-3.187521363599981478e-02 1.197811214970875504e+00 1.181713886902337141e+00
-3.173841014399981370e-02 1.200375263914749135e+00 1.183990713887579815e+00
-3.160160665199981261e-02 1.202998066439447511e+00 1.186317217138024960e+00
-3.146480315999981153e-02 1.205681711207650553e+00 1.188695056803226846e+00
-3.132799966799981045e-02 1.208428392493993364e+00 1.191125971218974788e+00
-3.119119617599980937e-02 1.211240417308054429e+00 1.193611781788248782e+00
-3.105439268399980829e-02 1.214120213128125680e+00 1.196154398247931239e+00
-3.091758919199980721e-02 1.217070336310011047e+00 1.198755824358549216e+00
-3.078078569999980613e-02 1.220093481243181177e+00 1.201418164058616345e+00
-3.064398220799980505e-02 1.223192490335869298e+00 1.204143628130039057e+00
-3.050717871599980396e-02 1.226370364921340883e+00 1.206934541426556873e+00
-3.037037522399980288e-02 1.229630277189846410e+00 1.209793350723512573e+00
-3.023357173199980180e-02 1.232975583264966479e+00 1.212722633254455173e+00
-3.009676823999980072e-02 1.236409837559494074e+00 1.215725106008308520e+00
-2.995996474799979964e-02 1.239936808565150983e+00 1.218803635870310709e+00
-2.982316125599979856e-02 1.243560496252714254e+00 1.221961250700805524e+00
-2.968635776399979748e-02 1.247285151285247418e+00 1.225201151458511939e+00
-2.954955427199979640e-02 1.251115296277732547e+00 1.228526725489407667e+00
-2.941275077999979531e-02 1.255055749372489649e+00 1.231941561119187289e+00
-2.927594728799979423e-02 1.259111650442376940e+00 1.235449463706811413e+00
-2.913914379599979315e-02 1.263288490284353305e+00 1.239054473339488815e+00
-2.900234030399979207e-02 1.267592143226203394e+00 1.242760884376133967e+00
-2.886553681199979099e-02 1.272028903641255537e+00 1.246573267077688341e+00
-2.872873331999978991e-02 1.276605526952445002e+00 1.250496491599620619e+00
-2.859192982799978883e-02 1.281329275811424306e+00 1.254535754665587977e+00
-2.845512633599978775e-02 1.286207972264957533e+00 1.258696609293042945e+00
-2.831832284399978666e-02 1.291250056874972740e+00 1.262984998003308768e+00
-2.818151935199978558e-02 1.296464655947407341e+00 1.267407290022477984e+00
-2.804471585999978450e-02 1.301861658257485788e+00 1.271970323068231989e+00
-2.790791236799978342e-02 1.307451802947040997e+00 1.276681450424732356e+00
-2.777110887599978234e-02 1.313246780628527510e+00 1.281548594137625674e+00
-2.763430538399978126e-02 1.319259350180797652e+00 1.286580305319436013e+00
-2.749750189199978018e-02 1.325503474290973704e+00 1.291785832749556828e+00
-2.736069839999977910e-02 1.331994477521374343e+00 1.297175201191970606e+00
-2.722389490799977801e-02 1.338749231610397938e+00 1.302759301149928772e+00
-2.708709141599977693e-02 1.345786373919803269e+00 1.308549992146133656e+00
-2.695028792399977585e-02 1.353126566512790507e+00 1.314560222080593199e+00
-2.681348443199977477e-02 1.360792805420642404e+00 1.320804165804497998e+00
-2.667668093999977369e-02 1.368810792419459021e+00 1.327297386795151413e+00
-2.653987744799977261e-02 1.377209385364866812e+00 1.334057026775792076e+00
-2.640307395599977153e-02 1.386021148219369836e+00 1.341102029365859760e+00
-2.626627046399977045e-02 1.395283028945016435e+00 1.348453405470259714e+00
-2.612946697199976936e-02 1.405037203315987693e+00 1.356134550258438543e+00
-2.599266347999976828e-02 1.415332136806306096e+00 1.364171624442069852e+00
-2.585585998799976720e-02 1.426223937188765500e+00 1.372594016416892382e+00
-2.571905649599976612e-02 1.437778100820380933e+00 1.381434907103983756e+00
-2.558225300399976504e-02 1.450071801528063586e+00 1.390731966624466853e+00
-2.544544951199976396e-02 1.463196942296177028e+00 1.400528222201067541e+00
-2.530864601999976288e-02 1.477264303694843628e+00 1.410873151337192821e+00
-2.517184252799976180e-02 1.492409310275026213e+00 1.421824075642359908e+00
-2.503503903599976071e-02 1.508800255963309578e+00 1.433447962299530420e+00
-2.489823554399975963e-02 1.526650399148018478e+00 1.445823788137515553e+00
-2.476143205199975855e-02 1.546236404677148402e+00 1.459045695847478008e+00
-2.462462855999975747e-02 1.567927729612284882e+00 1.473227291116674831e+00
-2.448782506799975639e-02 1.592236081405558501e+00 1.488507626264002681e+00
-2.435102157599975531e-02 1.619904698067905713e+00 1.505059752965615338e+00
-2.421421808399975423e-02 1.652085254333505393e+00 1.523103328896805442e+00
-2.407741459199975315e-02 1.690737525689974152e+00 1.542923894978336374e+00
-2.394061109999975206e-02 1.739734305000896653e+00 1.564903699839081064e+00
-2.380380760799975098e-02 1.809284652123640313e+00 1.589573807684702356e+00
-2.366700411599974990e-02 2.000000000000000000e+00 1.617708698402453349e+00
-2.353020062399974882e-02 2.000000000000000000e+00 1.650515169447890562e+00
-2.339339713199974774e-02 2.000000000000000000e+00 1.690063928380193481e+00
-2.325659363999974666e-02 2.000000000000000000e+00 1.740504934588754882e+00
-2.311979014799974558e-02 2.000000000000000000e+00 1.813125926816506750e+00
-2.298298665599974450e-02 2.000000000000000000e+00 2.000000000000000000e+00
-2.284618316399974342e-02 2.000000000000000000e+00 2.000000000000000000e+00
-2.270937967199974233e-02 1.999999999999999778e+00 2.000000000000000000e+00
-2.257257617999974125e-02 1.999999999999999778e+00 1.999999999999999778e+00
-2.243577268799974017e-02 1.999999999999999778e+00 2.000000000000000000e+00
-2.229896919599973909e-02 2.000000000000000000e+00 2.000000000000000000e+00
-2.216216570399973801e-02 2.000000000000000000e+00 2.000000000000000000e+00
-2.202536221199973693e-02 1.999999999999999778e+00 2.000000000000000000e+00
-2.188855871999973585e-02 2.000000000000000000e+00 2.000000000000000000e+00
-2.175175522799973477e-02 2.000000000000000000e+00 2.000000000000000000e+00
-2.161495173599973368e-02 1.999999999999999778e+00 2.000000000000000000e+00
-2.147814824399973260e-02 2.000000000000000000e+00 2.000000000000000000e+00
-2.134134475199973152e-02 1.999999999999999778e+00 2.000000000000000000e+00
-2.120454125999973044e-02 1.999999999999999778e+00 2.000000000000000000e+00
-2.106773776799972936e-02 1.999999999999999778e+00 2.000000000000000000e+00
-2.093093427599972828e-02 2.000000000000000000e+00 2.000000000000000000e+00
-2.079413078399972720e-02 2.000000000000000000e+00 2.000000000000000000e+00
-2.065732729199972612e-02 1.999999999999999778e+00 1.999999999999999778e+00
-2.052052379999972503e-02 2.000000000000000000e+00 1.999999999999999778e+00
-2.038372030799972395e-02 1.999999999999999778e+00 1.999999999999999778e+00
-2.024691681599972287e-02 2.000000000000000000e+00 2.000000000000000000e+00
-2.011011332399972179e-02 2.000000000000000000e+00 2.000000000000000000e+00
-1.997330983199972071e-02 2.000000000000000000e+00 2.000000000000000000e+00
-1.983650633999971963e-02 2.000000000000000000e+00 2.000000000000000000e+00
-1.969970284799971855e-02 1.999999999999999778e+00 2.000000000000000000e+00
-1.956289935599971747e-02 2.000000000000000000e+00 2.000000000000000000e+00
-1.942609586399971638e-02 2.000000000000000000e+00 2.000000000000000000e+00
-1.928929237199971530e-02 1.999999999999999778e+00 2.000000000000000000e+00
-1.915248887999971422e-02 2.000000000000000000e+00 1.999999999999999778e+00
-1.901568538799971314e-02 2.000000000000000000e+00 2.000000000000000000e+00
-1.887888189599971206e-02 1.999999999999999778e+00 2.000000000000000000e+00
-1.874207840399971098e-02 2.000000000000000000e+00 2.000000000000000000e+00
-1.860527491199970990e-02 2.000000000000000000e+00 1.999999999999999778e+00
-1.846847141999970882e-02 2.000000000000000000e+00 1.999999999999999778e+00
-1.833166792799970773e-02 1.999999999999999778e+00 2.000000000000000000e+00
-1.819486443599970665e-02 2.000000000000000000e+00 2.000000000000000000e+00
-1.805806094399970557e-02 1.999999999999999778e+00 1.999999999999999778e+00
-1.792125745199970449e-02 2.000000000000000000e+00 2.000000000000000000e+00
-1.778445395999970341e-02 1.999999999999999778e+00 2.000000000000000000e+00
-1.764765046799970233e-02 1.999999999999999778e+00 1.999999999999999778e+00
-1.751084697599970125e-02 2.000000000000000000e+00 2.000000000000000000e+00
-1.737404348399970017e-02 2.000000000000000000e+00 2.000000000000000000e+00
-1.723723999199969908e-02 2.000000000000000000e+00 2.000000000000000000e+00
-1.710043649999969800e-02 1.999999999999999778e+00 2.000000000000000000e+00
-1.696363300799969692e-02 2.000000000000000000e+00 2.000000000000000000e+00
-1.682682951599969584e-02 1.999999999999999778e+00 2.000000000000000000e+00
-1.669002602399969476e-02 2.000000000000000000e+00 1.999999999999999778e+00
-1.655322253199969368e-02 2.000000000000000000e+00 2.000000000000000000e+00
-1.641641903999969260e-02 2.000000000000000000e+00 1.999999999999999778e+00
-1.627961554799969152e-02 1.999999999999999778e+00 1.999999999999999778e+00
-1.614281205599969043e-02 2.000000000000000000e+00 2.000000000000000000e+00
-1.600600856399968935e-02 2.000000000000000000e+00 2.000000000000000000e+00
-1.586920507199968827e-02 1.999999999999999778e+00 2.000000000000000000e+00
-1.573240157999968719e-02 2.000000000000000000e+00 2.000000000000000000e+00
-1.559559808799968611e-02 2.000000000000000000e+00 2.000000000000000000e+00
-1.545879459599968503e-02 2.000000000000000000e+00 1.999999999999999778e+00
-1.532199110399968395e-02 2.000000000000000000e+00 2.000000000000000000e+00
-1.518518761199968287e-02 2.000000000000000000e+00 1.999999999999999778e+00
-1.504838411999968179e-02 2.000000000000000000e+00 2.000000000000000000e+00
-1.491158062799968070e-02 1.999999999999999778e+00 1.999999999999999778e+00
-1.477477713599967962e-02 2.000000000000000000e+00 2.000000000000000000e+00
-1.463797364399967854e-02 2.000000000000000000e+00 2.000000000000000000e+00
-1.450117015199967746e-02 2.000000000000000000e+00 2.000000000000000000e+00
-1.436436665999967638e-02 2.000000000000000000e+00 2.000000000000000000e+00
-1.422756316799967530e-02 2.000000000000000000e+00 2.000000000000000000e+00
-1.409075967599967422e-02 1.999999999999999778e+00 2.000000000000000000e+00
-1.395395618399967314e-02 1.999999999999999778e+00 1.999999999999999778e+00
-1.381715269199967205e-02 2.000000000000000000e+00 2.000000000000000000e+00
-1.368034919999967097e-02 1.999999999999999778e+00 2.000000000000000000e+00
-1.354354570799966989e-02 1.999999999999999778e+00 2.000000000000000000e+00
-1.340674221599966881e-02 1.999999999999999778e+00 1.999999999999999778e+00
-1.326993872399966773e-02 2.000000000000000000e+00 2.000000000000000000e+00
-1.313313523199966665e-02 2.000000000000000000e+00 1.999999999999999778e+00
-1.299633173999966557e-02 1.999999999999999778e+00 2.000000000000000000e+00
-1.285952824799966449e-02 2.000000000000000000e+00 2.000000000000000000e+00
-1.272272475599966340e-02 1.999999999999999778e+00 2.000000000000000000e+00
-1.258592126399966232e-02 1.999999999999999778e+00 2.000000000000000000e+00
-1.244911777199966124e-02 1.999999999999999778e+00 1.999999999999999778e+00
-1.231231427999966016e-02 2.000000000000000000e+00 2.000000000000000000e+00
-1.217551078799965908e-02 2.000000000000000000e+00 1.999999999999999778e+00
-1.203870729599965800e-02 2.000000000000000000e+00 2.000000000000000000e+00
-1.190190380399965692e-02 2.000000000000000000e+00 2.000000000000000000e+00
-1.176510031199965584e-02 2.000000000000000000e+00 1.999999999999999778e+00
-1.162829681999965475e-02 2.000000000000000000e+00 2.000000000000000000e+00
-1.149149332799965367e-02 2.000000000000000000e+00 2.000000000000000000e+00
-1.135468983599965259e-02 2.000000000000000000e+00 1.999999999999999778e+00
-1.121788634399965151e-02 1.999999999999999778e+00 2.000000000000000000e+00
-1.108108285199965043e-02 2.000000000000000000e+00 2.000000000000000000e+00
-1.094427935999964935e-02 2.000000000000000000e+00 2.000000000000000000e+00
-1.080747586799964827e-02 1.999999999999999778e+00 2.000000000000000000e+00
-1.067067237599964719e-02 2.000000000000000000e+00 2.000000000000000000e+00
-1.053386888399964610e-02 2.000000000000000000e+00 2.000000000000000000e+00
-1.039706539199964502e-02 2.000000000000000000e+00 2.000000000000000000e+00
-1.026026189999964394e-02 2.000000000000000000e+00 2.000000000000000000e+00
-1.012345840799964286e-02 1.999999999999999778e+00 2.000000000000000000e+00
-9.986654915999641779e-03 2.000000000000000000e+00 2.000000000000000000e+00
-9.849851423999640698e-03 2.000000000000000000e+00 2.000000000000000000e+00
-9.713047931999639617e-03 2.000000000000000000e+00 2.000000000000000000e+00
-9.576244439999638536e-03 2.000000000000000000e+00 1.999999999999999778e+00
-9.439440947999637455e-03 1.999999999999999778e+00 2.000000000000000000e+00
-9.302637455999636373e-03 2.000000000000000000e+00 2.000000000000000000e+00
-9.165833963999635292e-03 2.000000000000000000e+00 2.000000000000000000e+00
-9.029030471999634211e-03 1.999999999999999778e+00 2.000000000000000000e+00
-8.892226979999633130e-03 2.000000000000000000e+00 2.000000000000000000e+00
-8.755423487999632048e-03 2.000000000000000000e+00 2.000000000000000000e+00
-8.618619995999630967e-03 2.000000000000000000e+00 1.999999999999999778e+00
-8.481816503999629886e-03 2.000000000000000000e+00 2.000000000000000000e+00
-8.345013011999628805e-03 2.000000000000000000e+00 1.999999999999999778e+00
-8.208209519999627723e-03 2.000000000000000000e+00 1.999999999999999778e+00
-8.071406027999626642e-03 2.000000000000000000e+00 2.000000000000000000e+00
-7.934602535999625561e-03 2.000000000000000000e+00 2.000000000000000000e+00
-7.797799043999624480e-03 2.000000000000000000e+00 2.000000000000000000e+00
-7.660995551999623399e-03 1.999999999999999778e+00 2.000000000000000000e+00
-7.524192059999622317e-03 2.000000000000000000e+00 2.000000000000000000e+00
-7.387388567999621236e-03 2.000000000000000000e+00 2.000000000000000000e+00
-7.250585075999620155e-03 2.000000000000000000e+00 2.000000000000000000e+00
-7.113781583999619074e-03 2.000000000000000000e+00 2.000000000000000000e+00
-6.976978091999617992e-03 2.000000000000000000e+00 1.999999999999999778e+00
-6.840174599999616911e-03 1.999999999999999778e+00 2.000000000000000000e+00
-6.703371107999615830e-03 2.000000000000000000e+00 2.000000000000000000e+00
-6.566567615999614749e-03 1.999999999999999778e+00 2.000000000000000000e+00
-6.429764123999613668e-03 2.000000000000000000e+00 1.999999999999999778e+00
-6.292960631999612586e-03 2.000000000000000000e+00 1.999999999999999778e+00
-6.156157139999611505e-03 2.000000000000000000e+00 2.000000000000000000e+00
-6.019353647999610424e-03 2.000000000000000000e+00 2.000000000000000000e+00
-5.882550155999609343e-03 2.000000000000000000e+00 2.000000000000000000e+00
-5.745746663999608261e-03 2.000000000000000000e+00 1.999999999999999778e+00
-5.608943171999607180e-03 2.000000000000000000e+00 2.000000000000000000e+00
-5.472139679999606099e-03 2.000000000000000000e+00 2.000000000000000000e+00
-5.335336187999605018e-03 2.000000000000000000e+00 1.999999999999999778e+00
-5.198532695999603936e-03 2.000000000000000000e+00 1.999999999999999778e+00
-5.061729203999602855e-03 2.000000000000000000e+00 2.000000000000000000e+00
-4.924925711999601774e-03 1.999999999999999778e+00 1.999999999999999778e+00
-4.788122219999600693e-03 2.000000000000000000e+00 2.000000000000000000e+00
-4.651318727999599612e-03 2.000000000000000000e+00 2.000000000000000000e+00
-4.514515235999598530e-03 2.000000000000000000e+00 2.000000000000000000e+00
-4.377711743999597449e-03 2.000000000000000000e+00 1.999999999999999778e+00
-4.240908251999596368e-03 2.000000000000000000e+00 2.000000000000000000e+00
-4.104104759999595287e-03 2.000000000000000000e+00 1.999999999999999778e+00
-3.967301267999594205e-03 2.000000000000000000e+00 1.999999999999999778e+00
-3.830497775999593124e-03 2.000000000000000000e+00 2.000000000000000000e+00
-3.693694283999592043e-03 2.000000000000000000e+00 2.000000000000000000e+00
-3.556890791999590962e-03 2.000000000000000000e+00 2.000000000000000000e+00
-3.420087299999589880e-03 1.999999999999999778e+00 2.000000000000000000e+00
-3.283283807999588799e-03 1.999999999999999778e+00 2.000000000000000000e+00
-3.146480315999587718e-03 2.000000000000000000e+00 1.999999999999999778e+00
-3.009676823999586637e-03 2.000000000000000000e+00 2.000000000000000000e+00
-2.872873331999585556e-03 2.000000000000000000e+00 2.000000000000000000e+00
-2.736069839999584474e-03 2.000000000000000000e+00 1.999999999999999778e+00
-2.599266347999583393e-03 2.000000000000000000e+00 2.000000000000000000e+00
-2.462462855999582312e-03 2.000000000000000000e+00 2.000000000000000000e+00
-2.325659363999581231e-03 2.000000000000000000e+00 2.000000000000000000e+00
-2.188855871999580149e-03 2.000000000000000000e+00 1.999999999999999778e+00
-2.052052379999579068e-03 2.000000000000000000e+00 1.999999999999999778e+00
-1.915248887999577987e-03 1.999999999999999778e+00 2.000000000000000000e+00
-1.778445395999576906e-03 2.000000000000000000e+00 2.000000000000000000e+00
-1.641641903999575824e-03 1.999999999999999778e+00 2.000000000000000000e+00
-1.504838411999574743e-03 1.999999999999999778e+00 2.000000000000000000e+00
-1.368034919999573662e-03 2.000000000000000000e+00 2.000000000000000000e+00
-1.231231427999572581e-03 2.000000000000000000e+00 1.999999999999999778e+00
-1.094427935999571500e-03 2.000000000000000000e+00 2.000000000000000000e+00
-9.576244439995704183e-04 2.000000000000000000e+00 2.000000000000000000e+00
-8.208209519995693371e-04 2.000000000000000000e+00 1.999999999999999778e+00
-6.840174599995682558e-04 2.000000000000000000e+00 2.000000000000000000e+00
-5.472139679995671746e-04 1.999999999999999778e+00 2.000000000000000000e+00
-4.104104759995660934e-04 1.999999999999999778e+00 1.999999999999999778e+00
-2.736069839995650121e-04 2.000000000000000000e+00 2.000000000000000000e+00
-1.368034919995639309e-04 1.999999999999999778e+00 2.000000000000000000e+00
4.371503159461553878e-16 2.000000000000000000e+00 2.000000000000000000e+00
1.368034920004382315e-04 1.999999999999999778e+00 2.000000000000000000e+00
2.736069840004393128e-04 2.000000000000000000e+00 2.000000000000000000e+00
4.104104760004403940e-04 2.000000000000000000e+00 1.999999999999999778e+00
5.472139680004414752e-04 2.000000000000000000e+00 2.000000000000000000e+00
6.840174600004425565e-04 2.000000000000000000e+00 1.999999999999999778e+00
8.208209520004436377e-04 1.999999999999999778e+00 1.999999999999999778e+00
9.576244440004447189e-04 1.999999999999999778e+00 2.000000000000000000e+00
1.094427936000445800e-03 2.000000000000000000e+00 2.000000000000000000e+00
1.231231428000446881e-03 2.000000000000000000e+00 2.000000000000000000e+00
1.368034920000447963e-03 2.000000000000000000e+00 2.000000000000000000e+00
1.504838412000449044e-03 2.000000000000000000e+00 2.000000000000000000e+00
1.641641904000450125e-03 2.000000000000000000e+00 2.000000000000000000e+00
1.778445396000451206e-03 2.000000000000000000e+00 2.000000000000000000e+00
1.915248888000452288e-03 2.000000000000000000e+00 1.999999999999999778e+00
2.052052380000453369e-03 1.999999999999999778e+00 1.999999999999999778e+00
2.188855872000454450e-03 2.000000000000000000e+00 2.000000000000000000e+00
2.325659364000455531e-03 1.999999999999999778e+00 1.999999999999999778e+00
2.462462856000456612e-03 2.000000000000000000e+00 2.000000000000000000e+00
2.599266348000457694e-03 2.000000000000000000e+00 2.000000000000000000e+00
2.736069840000458775e-03 2.000000000000000000e+00 2.000000000000000000e+00
2.872873332000459856e-03 1.999999999999999778e+00 2.000000000000000000e+00
3.009676824000460937e-03 2.000000000000000000e+00 2.000000000000000000e+00
3.146480316000462019e-03 2.000000000000000000e+00 2.000000000000000000e+00
3.283283808000463100e-03 1.999999999999999778e+00 2.000000000000000000e+00
3.420087300000464181e-03 1.999999999999999778e+00 2.000000000000000000e+00
3.556890792000465262e-03 2.000000000000000000e+00 2.000000000000000000e+00
3.693694284000466344e-03 1.999999999999999778e+00 1.999999999999999778e+00
3.830497776000467425e-03 1.999999999999999778e+00 1.999999999999999778e+00
3.967301268000468506e-03 2.000000000000000000e+00 1.999999999999999778e+00
4.104104760000469587e-03 2.000000000000000000e+00 1.999999999999999778e+00
4.240908252000470668e-03 2.000000000000000000e+00 1.999999999999999778e+00
4.377711744000471750e-03 2.000000000000000000e+00 2.000000000000000000e+00
4.514515236000472831e-03 2.000000000000000000e+00 2.000000000000000000e+00
4.651318728000473912e-03 2.000000000000000000e+00 2.000000000000000000e+00
4.788122220000474993e-03 2.000000000000000000e+00 1.999999999999999778e+00
4.924925712000476075e-03 2.000000000000000000e+00 2.000000000000000000e+00
5.061729204000477156e-03 2.000000000000000000e+00 2.000000000000000000e+00
5.198532696000478237e-03 2.000000000000000000e+00 2.000000000000000000e+00
5.335336188000479318e-03 2.000000000000000000e+00 2.000000000000000000e+00
5.472139680000480400e-03 1.999999999999999778e+00 2.000000000000000000e+00
5.608943172000481481e-03 2.000000000000000000e+00 2.000000000000000000e+00
5.745746664000482562e-03 2.000000000000000000e+00 2.000000000000000000e+00
5.882550156000483643e-03 2.000000000000000000e+00 1.999999999999999778e+00
6.019353648000484724e-03 2.000000000000000000e+00 2.000000000000000000e+00
6.156157140000485806e-03 2.000000000000000000e+00 2.000000000000000000e+00
6.292960632000486887e-03 2.000000000000000000e+00 2.000000000000000000e+00
6.429764124000487968e-03 2.000000000000000000e+00 2.000000000000000000e+00
6.566567616000489049e-03 2.000000000000000000e+00 2.000000000000000000e+00
6.703371108000490131e-03 1.999999999999999778e+00 2.000000000000000000e+00
6.840174600000491212e-03 1.999999999999999778e+00 2.000000000000000000e+00
6.976978092000492293e-03 2.000000000000000000e+00 2.000000000000000000e+00
7.113781584000493374e-03 2.000000000000000000e+00 2.000000000000000000e+00
7.250585076000494456e-03 2.000000000000000000e+00 2.000000000000000000e+00
7.387388568000495537e-03 1.999999999999999778e+00 2.000000000000000000e+00
7.524192060000496618e-03 2.000000000000000000e+00 2.000000000000000000e+00
7.660995552000497699e-03 1.999999999999999778e+00 2.000000000000000000e+00
7.797799044000498780e-03 2.000000000000000000e+00 2.000000000000000000e+00
7.934602536000499862e-03 2.000000000000000000e+00 2.000000000000000000e+00
8.071406028000500943e-03 2.000000000000000000e+00 1.999999999999999778e+00
8.208209520000502024e-03 2.000000000000000000e+00 2.000000000000000000e+00
8.345013012000503105e-03 2.000000000000000000e+00 2.000000000000000000e+00
8.481816504000504187e-03 1.999999999999999778e+00 2.000000000000000000e+00
8.618619996000505268e-03 2.000000000000000000e+00 2.000000000000000000e+00
8.755423488000506349e-03 1.999999999999999778e+00 2.000000000000000000e+00
8.892226980000507430e-03 2.000000000000000000e+00 2.000000000000000000e+00
9.029030472000508512e-03 2.000000000000000000e+00 2.000000000000000000e+00
9.165833964000509593e-03 2.000000000000000000e+00 1.999999999999999778e+00
9.302637456000510674e-03 2.000000000000000000e+00 1.999999999999999778e+00
9.439440948000511755e-03 2.000000000000000000e+00 2.000000000000000000e+00
9.576244440000512836e-03 2.000000000000000000e+00 1.999999999999999778e+00
9.713047932000513918e-03 2.000000000000000000e+00 2.000000000000000000e+00
9.849851424000514999e-03 2.000000000000000000e+00 2.000000000000000000e+00
9.986654916000516080e-03 2.000000000000000000e+00 2.000000000000000000e+00
1.012345840800051716e-02 1.999999999999999778e+00 2.000000000000000000e+00
1.026026190000051824e-02 2.000000000000000000e+00 2.000000000000000000e+00
1.039706539200051932e-02 2.000000000000000000e+00 2.000000000000000000e+00
1.053386888400052041e-02 2.000000000000000000e+00 2.000000000000000000e+00
1.067067237600052149e-02 2.000000000000000000e+00 2.000000000000000000e+00
1.080747586800052257e-02 2.000000000000000000e+00 2.000000000000000000e+00
1.094427936000052365e-02 2.000000000000000000e+00 2.000000000000000000e+00
1.108108285200052473e-02 1.999999999999999778e+00 2.000000000000000000e+00
1.121788634400052581e-02 2.000000000000000000e+00 2.000000000000000000e+00
1.135468983600052689e-02 1.999999999999999778e+00 1.999999999999999778e+00
1.149149332800052797e-02 2.000000000000000000e+00 2.000000000000000000e+00
1.162829682000052905e-02 2.000000000000000000e+00 2.000000000000000000e+00
1.176510031200053014e-02 2.000000000000000000e+00 2.000000000000000000e+00
1.190190380400053122e-02 2.000000000000000000e+00 2.000000000000000000e+00
1.203870729600053230e-02 1.999999999999999778e+00 1.999999999999999778e+00
1.217551078800053338e-02 2.000000000000000000e+00 2.000000000000000000e+00
1.231231428000053446e-02 1.999999999999999778e+00 1.999999999999999778e+00
1.244911777200053554e-02 2.000000000000000000e+00 2.000000000000000000e+00
1.258592126400053662e-02 2.000000000000000000e+00 2.000000000000000000e+00
1.272272475600053770e-02 1.999999999999999778e+00 1.999999999999999778e+00
1.285952824800053879e-02 2.000000000000000000e+00 2.000000000000000000e+00
1.299633174000053987e-02 2.000000000000000000e+00 1.999999999999999778e+00
1.313313523200054095e-02 2.000000000000000000e+00 1.999999999999999778e+00
1.326993872400054203e-02 2.000000000000000000e+00 2.000000000000000000e+00
1.340674221600054311e-02 2.000000000000000000e+00 2.000000000000000000e+00
1.354354570800054419e-02 2.000000000000000000e+00 2.000000000000000000e+00
1.368034920000054527e-02 2.000000000000000000e+00 1.999999999999999778e+00
1.381715269200054635e-02 2.000000000000000000e+00 1.999999999999999778e+00
1.395395618400054744e-02 2.000000000000000000e+00 2.000000000000000000e+00
1.409075967600054852e-02 2.000000000000000000e+00 1.999999999999999778e+00
1.422756316800054960e-02 1.999999999999999778e+00 2.000000000000000000e+00
1.436436666000055068e-02 2.000000000000000000e+00 2.000000000000000000e+00
1.450117015200055176e-02 2.000000000000000000e+00 2.000000000000000000e+00
1.463797364400055284e-02 1.999999999999999778e+00 2.000000000000000000e+00
1.477477713600055392e-02 2.000000000000000000e+00 1.999999999999999778e+00
1.491158062800055500e-02 2.000000000000000000e+00 1.999999999999999778e+00
1.504838412000055609e-02 2.000000000000000000e+00 1.999999999999999778e+00
1.518518761200055717e-02 2.000000000000000000e+00 2.000000000000000000e+00
1.532199110400055825e-02 2.000000000000000000e+00 2.000000000000000000e+00
1.545879459600055933e-02 2.000000000000000000e+00 2.000000000000000000e+00
1.559559808800056041e-02 2.000000000000000000e+00 2.000000000000000000e+00
1.573240158000056149e-02 1.999999999999999778e+00 2.000000000000000000e+00
1.586920507200056257e-02 2.000000000000000000e+00 2.000000000000000000e+00
1.600600856400056365e-02 1.999999999999999778e+00 1.999999999999999778e+00
1.614281205600056474e-02 2.000000000000000000e+00 1.999999999999999778e+00
1.627961554800056582e-02 2.000000000000000000e+00 2.000000000000000000e+00
1.641641904000056690e-02 1.999999999999999778e+00 1.999999999999999778e+00
1.655322253200056798e-02 2.000000000000000000e+00 2.000000000000000000e+00
1.669002602400056906e-02 1.999999999999999778e+00 2.000000000000000000e+00
1.682682951600057014e-02 1.999999999999999778e+00 2.000000000000000000e+00
1.696363300800057122e-02 1.999999999999999778e+00 1.999999999999999778e+00
1.710043650000057230e-02 1.999999999999999778e+00 1.999999999999999778e+00
1.723723999200057339e-02 1.999999999999999778e+00 2.000000000000000000e+00
1.737404348400057447e-02 2.000000000000000000e+00 2.000000000000000000e+00
1.751084697600057555e-02 2.000000000000000000e+00 2.000000000000000000e+00
1.764765046800057663e-02 2.000000000000000000e+00 2.000000000000000000e+00
1.778445396000057771e-02 2.000000000000000000e+00 2.000000000000000000e+00
1.792125745200057879e-02 2.000000000000000000e+00 2.000000000000000000e+00
1.805806094400057987e-02 2.000000000000000000e+00 2.000000000000000000e+00
1.819486443600058095e-02 1.999999999999999778e+00 2.000000000000000000e+00
1.833166792800058204e-02 2.000000000000000000e+00 2.000000000000000000e+00
1.846847142000058312e-02 2.000000000000000000e+00 2.000000000000000000e+00
1.860527491200058420e-02 2.000000000000000000e+00 1.999999999999999778e+00
1.874207840400058528e-02 2.000000000000000000e+00 2.000000000000000000e+00
1.887888189600058636e-02 2.000000000000000000e+00 1.999999999999999778e+00
1.901568538800058744e-02 2.000000000000000000e+00 1.999999999999999778e+00
1.915248888000058852e-02 2.000000000000000000e+00 1.999999999999999778e+00
1.928929237200058960e-02 1.999999999999999778e+00 2.000000000000000000e+00
1.942609586400059069e-02 2.000000000000000000e+00 1.999999999999999778e+00
1.956289935600059177e-02 2.000000000000000000e+00 2.000000000000000000e+00
1.969970284800059285e-02 2.000000000000000000e+00 2.000000000000000000e+00
1.983650634000059393e-02 1.999999999999999778e+00 2.000000000000000000e+00
1.997330983200059501e-02 2.000000000000000000e+00 2.000000000000000000e+00
2.011011332400059609e-02 2.000000000000000000e+00 2.000000000000000000e+00
2.024691681600059717e-02 2.000000000000000000e+00 2.000000000000000000e+00
2.038372030800059825e-02 2.000000000000000000e+00 1.999999999999999778e+00
2.052052380000059933e-02 2.000000000000000000e+00 2.000000000000000000e+00
2.065732729200060042e-02 2.000000000000000000e+00 2.000000000000000000e+00
2.079413078400060150e-02 2.000000000000000000e+00 2.000000000000000000e+00
2.093093427600060258e-02 1.999999999999999778e+00 1.999999999999999778e+00
2.106773776800060366e-02 1.999999999999999778e+00 2.000000000000000000e+00
2.120454126000060474e-02 1.999999999999999778e+00 2.000000000000000000e+00
2.134134475200060582e-02 2.000000000000000000e+00 2.000000000000000000e+00
2.147814824400060690e-02 2.000000000000000000e+00 2.000000000000000000e+00
2.161495173600060798e-02 2.000000000000000000e+00 1.999999999999999778e+00
2.175175522800060907e-02 1.999999999999999778e+00 2.000000000000000000e+00
2.188855872000061015e-02 2.000000000000000000e+00 2.000000000000000000e+00
2.202536221200061123e-02 2.000000000000000000e+00 2.000000000000000000e+00
2.216216570400061231e-02 2.000000000000000000e+00 1.999999999999999778e+00
2.229896919600061339e-02 2.000000000000000000e+00 1.999999999999999778e+00
2.243577268800061447e-02 2.000000000000000000e+00 2.000000000000000000e+00
2.257257618000061555e-02 2.000000000000000000e+00 2.000000000000000000e+00
2.270937967200061663e-02 2.000000000000000000e+00 2.000000000000000000e+00
2.284618316400061772e-02 2.000000000000000000e+00 2.000000000000000000e+00
2.298298665600061880e-02 2.000000000000000000e+00 2.000000000000000000e+00
2.311979014800061988e-02 1.999999999999999778e+00 1.813125926815910116e+00
2.325659364000062096e-02 1.999999999999999778e+00 1.740504934588381625e+00
2.339339713200062204e-02 2.000000000000000000e+00 1.690063928379913039e+00
2.353020062400062312e-02 2.000000000000000000e+00 1.650515169447663189e+00
2.366700411600062420e-02 2.000000000000000000e+00 1.617708698402260392e+00
2.380380760800062528e-02 1.809284652123076764e+00 1.589573807684534934e+00
2.394061110000062637e-02 1.739734305000535608e+00 1.564903699838932960e+00
2.407741459200062745e-02 1.690737525689699039e+00 1.542923894978203148e+00
2.421421808400062853e-02 1.652085254333281128e+00 1.523103328896685316e+00
2.435102157600062961e-02 1.619904698067715421e+00 1.505059752965504982e+00
2.448782506800063069e-02 1.592236081405392856e+00 1.488507626263901207e+00
2.462462856000063177e-02 1.567927729612138998e+00 1.473227291116581350e+00
2.476143205200063285e-02 1.546236404677016729e+00 1.459045695847390300e+00
2.489823554400063393e-02 1.526650399147899018e+00 1.445823788137433841e+00
2.503503903600063502e-02 1.508800255963200332e+00 1.433447962299454259e+00
2.517184252800063610e-02 1.492409310274925849e+00 1.421824075642287299e+00
2.530864602000063718e-02 1.477264303694750813e+00 1.410873151337124654e+00
2.544544951200063826e-02 1.463196942296090430e+00 1.400528222201003370e+00
2.558225300400063934e-02 1.450071801527982318e+00 1.390731966624406013e+00
2.571905649600064042e-02 1.437778100820304772e+00 1.381434907103925580e+00
2.585585998800064150e-02 1.426223937188694224e+00 1.372594016416837537e+00
2.599266348000064258e-02 1.415332136806238372e+00 1.364171624442017450e+00
2.612946697200064367e-02 1.405037203315924188e+00 1.356134550258387694e+00
2.626627046400064475e-02 1.395283028944955372e+00 1.348453405470211752e+00
2.640307395600064583e-02 1.386021148219311883e+00 1.341102029365814019e+00
2.653987744800064691e-02 1.377209385364812189e+00 1.334057026775747445e+00
2.667668094000064799e-02 1.368810792419407063e+00 1.327297386795109446e+00
2.681348443200064907e-02 1.360792805420592666e+00 1.320804165804457586e+00
2.695028792400065015e-02 1.353126566512742546e+00 1.314560222080553897e+00
2.708709141600065123e-02 1.345786373919757528e+00 1.308549992146095686e+00
2.722389490800065232e-02 1.338749231610354196e+00 1.302759301149892357e+00
2.736069840000065340e-02 1.331994477521332598e+00 1.297175201191935745e+00
2.749750189200065448e-02 1.325503474290933292e+00 1.291785832749522855e+00
2.763430538400065556e-02 1.319259350180758350e+00 1.286580305319403594e+00
2.777110887600065664e-02 1.313246780628489763e+00 1.281548594137594144e+00
2.790791236800065772e-02 1.307451802947004804e+00 1.276681450424701936e+00
2.804471586000065880e-02 1.301861658257450705e+00 1.271970323068202013e+00
2.818151935200065988e-02 1.296464655947373812e+00 1.267407290022449562e+00
2.831832284400066096e-02 1.291250056874939878e+00 1.262984998003281012e+00
2.845512633600066205e-02 1.286207972264926225e+00 1.258696609293016078e+00
2.859192982800066313e-02 1.281329275811393664e+00 1.254535754665561775e+00
2.872873332000066421e-02 1.276605526952415026e+00 1.250496491599595306e+00
2.886553681200066529e-02 1.272028903641226671e+00 1.246573267077663472e+00
2.900234030400066637e-02 1.267592143226175194e+00 1.242760884376109987e+00
2.913914379600066745e-02 1.263288490284326659e+00 1.239054473339465279e+00
2.927594728800066853e-02 1.259111650442350294e+00 1.235449463706788764e+00
2.941275078000066961e-02 1.255055749372463891e+00 1.231941561119165307e+00
2.954955427200067070e-02 1.251115296277707678e+00 1.228526725489385907e+00
2.968635776400067178e-02 1.247285151285223659e+00 1.225201151458490623e+00
2.982316125600067286e-02 1.243560496252690717e+00 1.221961250700785095e+00
2.995996474800067394e-02 1.239936808565127890e+00 1.218803635870290947e+00
3.009676824000067502e-02 1.236409837559471647e+00 1.215725106008288980e+00
3.023357173200067610e-02 1.232975583264944719e+00 1.212722633254436078e+00
3.037037522400067718e-02 1.229630277189825538e+00 1.209793350723493921e+00
3.050717871600067826e-02 1.226370364921320233e+00 1.206934541426538887e+00
3.064398220800067935e-02 1.223192490335849314e+00 1.204143628130021737e+00
3.078078570000068043e-02 1.220093481243161637e+00 1.201418164058599025e+00
3.091758919200068151e-02 1.217070336309991729e+00 1.198755824358532340e+00
3.105439268400068259e-02 1.214120213128107029e+00 1.196154398247915029e+00
3.119119617600068367e-02 1.211240417308036221e+00 1.193611781788232351e+00
3.132799966800068475e-02 1.208428392493975156e+00 1.191125971218958801e+00
3.146480316000068583e-02 1.205681711207633011e+00 1.188695056803211747e+00
3.160160665200068691e-02 1.202998066439430414e+00 1.186317217138009639e+00
3.173841014400068800e-02 1.200375263914732482e+00 1.183990713887564938e+00
3.187521363600068908e-02 1.197811214970858851e+00 1.181713886902322708e+00
3.201201712800069016e-02 1.195303929987677538e+00 1.179485149690254087e+00
3.214882062000069124e-02 1.192851512320767471e+00 1.177302985210274100e+00
3.228562411200069232e-02 1.190452152691551468e+00 1.175165941960617522e+00
3.242242760400069340e-02 1.188104123993595440e+00 1.173072630337665734e+00
3.255923109600069448e-02 1.185805776478443985e+00 1.171021719243044323e+00
3.269603458800069556e-02 1.183555533288122685e+00 1.169011932918947672e+00
3.283283808000069665e-02 1.181351886304683019e+00 1.167042047993475107e+00
3.296964157200069773e-02 1.179193392290126319e+00 1.165110890719470493e+00
3.310644506400069881e-02 1.177078669292602298e+00 1.163217334391844604e+00
3.324324855600069989e-02 1.175006393297106877e+00 1.161360296929703440e+00
3.338005204800070097e-02 1.172975295100951776e+00 1.159538738610826014e+00
3.351685554000070205e-02 1.170984157396118830e+00 1.157751659947106493e+00
3.365365903200070313e-02 1.169031812042259588e+00 1.155998099690578318e+00
3.379046252400070421e-02 1.167117137515563119e+00 1.154277132960503272e+00
3.392726601600070530e-02 1.165239056520049221e+00 1.152587869482816885e+00
3.406406950800070638e-02 1.163396533749026407e+00 1.150929451933950798e+00
3.420087300000070746e-02 1.161588573785519163e+00 1.149301054381691500e+00
3.433767649200070854e-02 1.159814219131439783e+00 1.147701880816350828e+00
3.447447998400070962e-02 1.158072548356147369e+00 1.146131163766045846e+00
3.461128347600071070e-02 1.156362674355817299e+00 1.144588162990385571e+00
3.474808696800071178e-02 1.154683742715764794e+00 1.143072164247305622e+00
3.488489046000071286e-02 1.153034930168502337e+00 1.141582478128201350e+00
3.502169395200071395e-02 1.151415443140898276e+00 1.140118438956883251e+00
3.515849744400071503e-02 1.149824516384338136e+00 1.138679403748207308e+00
3.529530093600071611e-02 1.148261411682266475e+00 1.137264751222559322e+00
3.543210442800071719e-02 1.146725416629932548e+00 1.135873880872639852e+00
3.556890792000071827e-02 1.145215843481555362e+00 1.134506212079270382e+00
3.570571141200071935e-02 1.143732028060505890e+00 1.133161183273170503e+00
3.584251490400072043e-02 1.142273328728412585e+00 1.131838251139873242e+00
3.597931839600072151e-02 1.140839125409428334e+00 1.130536889865163541e+00
3.611612188800072260e-02 1.139428818666155196e+00 1.129256590418578288e+00
3.625292538000072368e-02 1.138041828823991741e+00 1.127996859872715252e+00
3.638972887200072476e-02 1.136677595140897834e+00 1.126757220756219979e+00
3.652653236400072584e-02 1.135335575019786214e+00 1.125537210438486202e+00
3.666333585600072692e-02 1.134015243260952932e+00 1.124336380544230130e+00
3.680013934800072800e-02 1.132716091352129917e+00 1.123154296396220886e+00
3.693694284000072908e-02 1.131437626793930340e+00 1.121990536484571921e+00
3.707374633200073016e-02 1.130179372458583797e+00 1.120844691961088602e+00
3.721054982400073124e-02 1.128940865980030850e+00 1.119716366157278875e+00
3.734735331600073233e-02 1.127721659173551938e+00 1.118605174124716939e+00
3.748415680800073341e-02 1.126521317483242912e+00 1.117510742196532902e+00
3.762096030000073449e-02 1.125339419455757772e+00 1.116432707568884464e+00
3.775776379200073557e-02 1.124175556238835805e+00 1.115370717901328135e+00
3.789456728400073665e-02 1.123029331103238881e+00 1.114324430935090593e+00
3.803137077600073773e-02 1.121900358986802182e+00 1.113293514128283146e+00
3.816817426800073881e-02 1.120788266059389748e+00 1.112277644307180235e+00
3.830497776000073989e-02 1.119692689307620448e+00 1.111276507332719099e+00
3.844178125200074098e-02 1.118613276138305412e+00 1.110289797781438992e+00
3.857858474400074206e-02 1.117549683999596200e+00 1.109317218640121894e+00
3.871538823600074314e-02 1.116501580018909534e+00 1.108358481013439922e+00
3.885219172800074422e-02 1.115468640656754440e+00 1.107413303843953312e+00
3.898899522000074530e-02 1.114450551375628207e+00 1.106481413643847000e+00
3.912579871200074638e-02 1.113447006323214472e+00 1.105562544237820299e+00
3.926260220400074746e-02 1.112457708029151338e+00 1.104656436516584961e+00
3.939940569600074854e-02 1.111482367114675185e+00 1.103762838200456509e+00
3.953620918800074963e-02 1.110520702014506700e+00 1.102881503612545666e+00
3.967301268000075071e-02 1.109572438710358933e+00 1.102012193461099354e+00
3.980981617200075179e-02 1.108637310475502513e+00 1.101154674630543173e+00
3.994661966400075287e-02 1.107715057629835353e+00 1.100308719980828354e+00
4.008342315600075395e-02 1.106805427304959011e+00 1.099474108154683272e+00
4.022022664800075503e-02 1.105908173218770107e+00 1.098650623392408487e+00
4.035703014000075611e-02 1.105023055459113834e+00 1.097838055353866471e+00
4.049383363200075719e-02 1.104149840276074768e+00 1.097036198947330288e+00
4.063063712400075828e-02 1.103288299882489110e+00 1.096244854164891924e+00
4.076744061600075936e-02 1.102438212262300876e+00 1.095463825924119838e+00
4.090424410800076044e-02 1.101599360986396547e+00 1.094692923915699279e+00
4.104104760000076152e-02 1.100771535035572679e+00 1.093931962456775819e+00
4.117785109200076260e-02 1.099954528630311179e+00 1.093180760349763858e+00
4.131465458400076368e-02 1.099148141067054052e+00 1.092439140746368942e+00
4.145145807600076476e-02 1.098352176560684734e+00 1.091706931016605653e+00
4.158826156800076584e-02 1.097566444092937132e+00 1.090983962622586123e+00
4.172506506000076693e-02 1.096790757266471017e+00 1.090270070996884444e+00
4.186186855200076801e-02 1.096024934164363529e+00 1.089565095425274244e+00
4.199867204400076909e-02 1.095268797214781431e+00 1.088868878933656914e+00
4.213547553600077017e-02 1.094522173060601400e+00 1.088181268179002625e+00
4.227227902800077125e-02 1.093784892433778744e+00 1.087502113344140708e+00
4.240908252000077233e-02 1.093056790034248271e+00 1.086831268036234199e+00
4.254588601200077341e-02 1.092337704413169241e+00 1.086168589188789335e+00
4.268268950400077449e-02 1.091627477860332096e+00 1.085513936967055226e+00
4.281949299600077558e-02 1.090925956295551558e+00 1.084867174676675816e+00
4.295629648800077666e-02 1.090232989163878230e+00 1.084228168675461124e+00
4.309309998000077774e-02 1.089548429334470381e+00 1.083596788288153201e+00
4.322990347200077882e-02 1.088872133002978471e+00 1.082972905724069124e+00
4.336670696400077990e-02 1.088203959597298986e+00 1.082356395997502441e+00
4.350351045600078098e-02 1.087543771686550143e+00 1.081747136850781388e+00
4.364031394800078206e-02 1.086891434893158648e+00 1.081145008679869068e+00
4.377711744000078314e-02 1.086246817807914322e+00 1.080549894462419225e+00
4.391392093200078423e-02 1.085609791907886201e+00 1.079961679688183018e+00
4.405072442400078531e-02 1.084980231477078449e+00 1.079380252291678888e+00
4.418752791600078639e-02 1.084358013529727938e+00 1.078805502587042886e+00
4.432433140800078747e-02 1.083743017736130909e+00 1.078237323204971343e+00
4.446113490000078855e-02 1.083135126350905697e+00 1.077675609031677251e+00
4.459793839200078963e-02 1.082534224143595347e+00 1.077120257149791982e+00
4.473474188400079071e-02 1.081940198331522218e+00 1.076571166781127076e+00
4.487154537600079179e-02 1.081352938514806628e+00 1.076028239231241024e+00
4.500834886800079288e-02 1.080772336613469387e+00 1.075491377835730678e+00
4.514515236000079396e-02 1.080198286806536956e+00 1.074960487908198870e+00
4.528195585200079504e-02 1.079630685473076834e+00 1.074435476689819868e+00
4.541875934400079612e-02 1.079069431135092350e+00 1.073916253300463364e+00
4.555556283600079720e-02 1.078514424402202021e+00 1.073402728691304375e+00
4.569236632800079828e-02 1.077965567918045098e+00 1.072894815598875562e+00
4.582916982000079936e-02 1.077422766308344881e+00 1.072392428500509531e+00
4.596597331200080044e-02 1.076885926130573212e+00 1.071895483571115859e+00
4.610277680400080152e-02 1.076354955825153947e+00 1.071403898641254182e+00
4.623958029600080261e-02 1.075829765668155469e+00 1.070917593156450520e+00
4.637638378800080369e-02 1.075310267725412494e+00 1.070436488137719078e+00
4.651318728000080477e-02 1.074796375808033000e+00 1.069960506143243339e+00
4.664999077200080585e-02 1.074288005429237636e+00 1.069489571231180713e+00
4.678679426400080693e-02 1.073785073762482112e+00 1.069023608923546087e+00
4.692359775600080801e-02 1.073287499600824813e+00 1.068562546171146321e+00
4.706040124800080909e-02 1.072795203317490786e+00 1.068106311319520163e+00
4.719720474000081017e-02 1.072308106827589924e+00 1.067654834075856929e+00
4.733400823200081126e-02 1.071826133550954907e+00 1.067208045476858214e+00
4.747081172400081234e-02 1.071349208376058293e+00 1.066765877857510647e+00
4.760761521600081342e-02 1.070877257624966106e+00 1.066328264820741722e+00
4.774441870800081450e-02 1.070410209019303505e+00 1.065895141207924501e+00
4.788122220000081558e-02 1.069947991647189234e+00 1.065466443070210767e+00
4.801802569200081666e-02 1.069490535931112429e+00 1.065042107640658875e+00
4.815482918400081774e-02 1.069037773596716923e+00 1.064622073307133210e+00
4.829163267600081882e-02 1.068589637642461954e+00 1.064206279585951043e+00
4.842843616800081991e-02 1.068146062310136868e+00 1.063794667096250368e+00
4.856523966000082099e-02 1.067706983056192938e+00 1.063387177535055850e+00
4.870204315200082207e-02 1.067272336523872323e+00 1.062983753653025332e+00
4.883884664400082315e-02 1.066842060516105084e+00 1.062584339230846275e+00
4.897565013600082423e-02 1.066416093969150047e+00 1.062188879056271462e+00
4.911245362800082531e-02 1.065994376926956866e+00 1.061797318901765985e+00
4.924925712000082639e-02 1.065576850516223084e+00 1.061409605502749542e+00
4.938606061200082747e-02 1.065163456922126883e+00 1.061025686536418933e+00
4.952286410400082856e-02 1.064754139364715524e+00 1.060645510601124775e+00
4.965966759600082964e-02 1.064348842075922175e+00 1.060269027196291569e+00
4.979647108800083072e-02 1.063947510277198916e+00 1.059896186702865561e+00
4.993327458000083180e-02 1.063550090157742378e+00 1.059526940364265091e+00
5.007007807200083288e-02 1.063156528853295146e+00 1.059161240267829651e+00
5.020688156400083396e-02 1.062766774425503158e+00 1.058799039326746572e+00
5.034368505600083504e-02 1.062380775841816671e+00 1.058440291262438882e+00
5.048048854800083612e-02 1.061998482955911260e+00 1.058084950587406814e+00
5.061729204000083721e-02 1.061619846488618624e+00 1.057732972588501630e+00
5.075409553200083829e-02 1.061244818009348556e+00 1.057384313310627988e+00
5.089089902400083937e-02 1.060873349917992536e+00 1.057038929540853323e+00
5.102770251600084045e-02 1.060505395427281172e+00 1.056696778792918012e+00
5.116450600800084153e-02 1.060140908545602834e+00 1.056357819292133016e+00
5.130130950000084261e-02 1.059779844060249054e+00 1.056022009960651875e+00
5.143811299200084369e-02 1.059422157521085373e+00 1.055689310403108649e+00
5.157491648400084477e-02 1.059067805224634728e+00 1.055359680892610674e+00
5.171171997600084586e-02 1.058716744198556325e+00 1.055033082357075269e+00
5.184852346800084694e-02 1.058368932186513067e+00 1.054709476365898846e+00
5.198532696000084802e-02 1.058024327633414252e+00 1.054388825116953976e+00
5.212213045200084910e-02 1.057682889671020199e+00 1.054071091423899542e+00
5.225893394400085018e-02 1.057344578103905475e+00 1.053756238703798198e+00
5.239573743600085126e-02 1.057009353395761631e+00 1.053444230965032480e+00
5.253254092800085234e-02 1.056677176656036110e+00 1.053135032795507131e+00
5.266934442000085342e-02 1.056348009626895790e+00 1.052828609351138756e+00
5.280614791200085451e-02 1.056021814670504044e+00 1.052524926344613476e+00
5.294295140400085559e-02 1.055698554756605567e+00 1.052223950034412603e+00
5.307975489600085667e-02 1.055378193450408508e+00 1.051925647214098980e+00
5.321655838800085775e-02 1.055060694900756602e+00 1.051629985201850692e+00
5.335336188000085883e-02 1.054746023828579959e+00 1.051336931830241683e+00
5.349016537200085991e-02 1.054434145515623422e+00 1.051046455436262850e+00
5.362696886400086099e-02 1.054125025793437365e+00 1.050758524851569620e+00
5.376377235600086207e-02 1.053818631032628739e+00 1.050473109392956905e+00
5.390057584800086316e-02 1.053514928132362360e+00 1.050190178853055656e+00
5.403737934000086424e-02 1.053213884510108889e+00 1.049909703491237689e+00
5.417418283200086532e-02 1.052915468091628615e+00 1.049631654024733907e+00
5.431098632400086640e-02 1.052619647301187511e+00 1.049356001619947687e+00
5.444778981600086748e-02 1.052326391051998433e+00 1.049082717883971894e+00
5.458459330800086856e-02 1.052035668736882590e+00 1.048811774856293511e+00
